Date,Low,Open,Volume,High,Close,Adjusted Close
03-01-2005,234.0,234.0,35,252.0,234.0,234.0
04-01-2005,234.0,234.0,326,252.0,234.0,234.0
05-01-2005,216.0,234.0,213,270.0,270.0,270.0
06-01-2005,252.0,270.0,631,270.0,270.0,270.0
07-01-2005,270.0,288.0,766,306.0,270.0,270.0
10-01-2005,252.0,288.0,297,306.0,306.0,306.0
11-01-2005,288.0,288.0,303,324.0,324.0,324.0
12-01-2005,288.0,306.0,241,342.0,324.0,324.0
13-01-2005,306.0,324.0,1070,378.0,360.0,360.0
14-01-2005,342.0,378.0,161,378.0,342.0,342.0
18-01-2005,306.0,342.0,746,342.0,342.0,342.0
19-01-2005,324.0,324.0,801,378.0,342.0,342.0
20-01-2005,342.0,378.0,550,378.0,360.0,360.0
21-01-2005,360.0,360.0,525,396.0,360.0,360.0
24-01-2005,360.0,378.0,322,396.0,378.0,378.0
25-01-2005,324.0,342.0,232,360.0,342.0,342.0
26-01-2005,324.0,342.0,612,378.0,342.0,342.0
27-01-2005,288.0,324.0,131,342.0,288.0,288.0
28-01-2005,288.0,288.0,513,342.0,342.0,342.0
31-01-2005,306.0,306.0,336,342.0,324.0,324.0
01-02-2005,306.0,324.0,318,342.0,342.0,342.0
02-02-2005,324.0,342.0,349,360.0,324.0,324.0
03-02-2005,324.0,324.0,377,360.0,324.0,324.0
04-02-2005,324.0,342.0,575,360.0,360.0,360.0
07-02-2005,342.0,360.0,395,360.0,360.0,360.0
08-02-2005,324.0,360.0,121,360.0,324.0,324.0
09-02-2005,324.0,342.0,164,360.0,342.0,342.0
10-02-2005,324.0,342.0,494,360.0,342.0,342.0
11-02-2005,342.0,342.0,353,360.0,342.0,342.0
14-02-2005,342.0,342.0,230,396.0,360.0,360.0
15-02-2005,306.0,396.0,799,396.0,342.0,342.0
16-02-2005,306.0,360.0,198,360.0,324.0,324.0
17-02-2005,324.0,342.0,180,342.0,324.0,324.0
18-02-2005,288.0,324.0,269,342.0,324.0,324.0
22-02-2005,306.0,324.0,180,324.0,306.0,306.0
23-02-2005,306.0,306.0,191,324.0,306.0,306.0
24-02-2005,288.0,324.0,166,324.0,306.0,306.0
25-02-2005,306.0,306.0,147,306.0,306.0,306.0
28-02-2005,306.0,324.0,105,324.0,306.0,306.0
01-03-2005,216.0,288.0,310,288.0,270.0,270.0
02-03-2005,18.0,270.0,180,270.0,252.0,252.0
03-03-2005,234.0,252.0,156,270.0,252.0,252.0
04-03-2005,234.0,234.0,44,252.0,252.0,252.0
07-03-2005,234.0,252.0,164,252.0,234.0,234.0
08-03-2005,216.0,234.0,94,234.0,216.0,216.0
09-03-2005,162.0,216.0,199,216.0,198.0,198.0
10-03-2005,180.0,180.0,112,234.0,216.0,216.0
11-03-2005,198.0,216.0,25,216.0,216.0,216.0
14-03-2005,180.0,198.0,209,216.0,198.0,198.0
15-03-2005,180.0,198.0,127,216.0,216.0,216.0
16-03-2005,162.0,198.0,139,198.0,198.0,198.0
17-03-2005,198.0,198.0,325,306.0,288.0,288.0
18-03-2005,288.0,288.0,379,306.0,306.0,306.0
21-03-2005,306.0,324.0,313,342.0,324.0,324.0
22-03-2005,288.0,306.0,376,360.0,342.0,342.0
23-03-2005,288.0,360.0,342,360.0,306.0,306.0
24-03-2005,288.0,288.0,16,288.0,288.0,288.0
28-03-2005,270.0,288.0,6,306.0,306.0,306.0
29-03-2005,270.0,288.0,314,288.0,288.0,288.0
30-03-2005,270.0,288.0,90,288.0,288.0,288.0
31-03-2005,252.0,288.0,248,288.0,270.0,270.0
01-04-2005,216.0,270.0,94,270.0,252.0,252.0
04-04-2005,234.0,234.0,63,252.0,234.0,234.0
05-04-2005,234.0,234.0,208,252.0,252.0,252.0
06-04-2005,234.0,252.0,206,252.0,252.0,252.0
07-04-2005,234.0,252.0,167,252.0,252.0,252.0
08-04-2005,234.0,234.0,377,252.0,252.0,252.0
11-04-2005,216.0,234.0,217,234.0,216.0,216.0
12-04-2005,234.0,234.0,83,234.0,234.0,234.0
13-04-2005,234.0,234.0,67,234.0,234.0,234.0
14-04-2005,234.0,234.0,49,252.0,234.0,234.0
15-04-2005,198.0,216.0,84,234.0,216.0,216.0
18-04-2005,144.0,198.0,185,216.0,162.0,162.0
19-04-2005,144.0,144.0,88,198.0,198.0,198.0
20-04-2005,180.0,198.0,6,198.0,180.0,180.0
21-04-2005,144.0,162.0,130,162.0,144.0,144.0
22-04-2005,162.0,162.0,311,180.0,162.0,162.0
25-04-2005,144.0,162.0,335,162.0,144.0,144.0
26-04-2005,144.0,162.0,77,162.0,144.0,144.0
27-04-2005,144.0,144.0,210,162.0,162.0,162.0
28-04-2005,144.0,162.0,485,162.0,144.0,144.0
29-04-2005,144.0,144.0,374,162.0,144.0,144.0
02-05-2005,144.0,144.0,385,198.0,198.0,198.0
03-05-2005,180.0,180.0,495,234.0,234.0,234.0
04-05-2005,252.0,252.0,1500,378.0,342.0,342.0
05-05-2005,306.0,360.0,753,360.0,324.0,324.0
06-05-2005,288.0,324.0,192,324.0,306.0,306.0
09-05-2005,306.0,324.0,545,378.0,360.0,360.0
10-05-2005,324.0,360.0,275,360.0,324.0,324.0
11-05-2005,324.0,342.0,224,360.0,342.0,342.0
12-05-2005,270.0,324.0,170,342.0,270.0,270.0
13-05-2005,270.0,270.0,297,306.0,270.0,270.0
16-05-2005,234.0,288.0,268,288.0,234.0,234.0
17-05-2005,234.0,252.0,306,252.0,252.0,252.0
18-05-2005,234.0,252.0,47,252.0,234.0,234.0
19-05-2005,216.0,234.0,243,234.0,216.0,216.0
20-05-2005,216.0,216.0,208,252.0,216.0,216.0
23-05-2005,234.0,252.0,34,252.0,252.0,252.0
24-05-2005,216.0,252.0,589,252.0,234.0,234.0
25-05-2005,216.0,216.0,370,252.0,252.0,252.0
26-05-2005,216.0,234.0,89,252.0,216.0,216.0
27-05-2005,234.0,234.0,253,270.0,252.0,252.0
31-05-2005,216.0,252.0,129,252.0,216.0,216.0
01-06-2005,198.0,216.0,699,234.0,234.0,234.0
02-06-2005,234.0,234.0,393,288.0,234.0,234.0
03-06-2005,234.0,288.0,111,288.0,252.0,252.0
06-06-2005,252.0,252.0,234,270.0,270.0,270.0
07-06-2005,198.0,234.0,139,252.0,216.0,216.0
08-06-2005,216.0,216.0,261,216.0,216.0,216.0
09-06-2005,198.0,234.0,327,234.0,216.0,216.0
10-06-2005,216.0,216.0,83,234.0,234.0,234.0
13-06-2005,216.0,216.0,175,288.0,270.0,270.0
14-06-2005,270.0,270.0,383,342.0,306.0,306.0
15-06-2005,324.0,342.0,2107,414.0,414.0,414.0
16-06-2005,270.0,396.0,1000,396.0,324.0,324.0
17-06-2005,288.0,306.0,1721,342.0,324.0,324.0
20-06-2005,306.0,306.0,448,342.0,324.0,324.0
21-06-2005,324.0,342.0,1091,378.0,342.0,342.0
22-06-2005,306.0,378.0,618,378.0,342.0,342.0
23-06-2005,288.0,360.0,387,360.0,288.0,288.0
24-06-2005,288.0,288.0,82,306.0,288.0,288.0
27-06-2005,306.0,324.0,124,324.0,306.0,306.0
28-06-2005,306.0,324.0,835,360.0,360.0,360.0
29-06-2005,324.0,360.0,219,360.0,324.0,324.0
30-06-2005,324.0,342.0,684,342.0,324.0,324.0
01-07-2005,306.0,306.0,343,360.0,360.0,360.0
05-07-2005,360.0,360.0,2744,522.0,522.0,522.0
06-07-2005,342.0,540.0,2235,540.0,378.0,378.0
07-07-2005,342.0,378.0,332,414.0,396.0,396.0
08-07-2005,342.0,378.0,436,378.0,360.0,360.0
11-07-2005,342.0,360.0,283,396.0,360.0,360.0
12-07-2005,306.0,360.0,227,360.0,306.0,306.0
13-07-2005,324.0,324.0,344,378.0,342.0,342.0
14-07-2005,288.0,360.0,396,360.0,306.0,306.0
15-07-2005,270.0,324.0,480,324.0,288.0,288.0
18-07-2005,288.0,288.0,140,324.0,288.0,288.0
19-07-2005,270.0,306.0,677,306.0,270.0,270.0
20-07-2005,288.0,288.0,289,324.0,288.0,288.0
21-07-2005,270.0,306.0,607,306.0,288.0,288.0
22-07-2005,270.0,288.0,419,306.0,270.0,270.0
25-07-2005,270.0,288.0,432,306.0,288.0,288.0
26-07-2005,270.0,288.0,370,288.0,288.0,288.0
27-07-2005,270.0,270.0,260,306.0,306.0,306.0
28-07-2005,306.0,306.0,246,306.0,306.0,306.0
29-07-2005,288.0,306.0,303,306.0,288.0,288.0
01-08-2005,288.0,288.0,581,306.0,288.0,288.0
02-08-2005,288.0,306.0,449,324.0,324.0,324.0
03-08-2005,306.0,324.0,428,342.0,324.0,324.0
04-08-2005,288.0,324.0,248,324.0,288.0,288.0
05-08-2005,288.0,306.0,548,306.0,288.0,288.0
08-08-2005,270.0,288.0,517,306.0,288.0,288.0
09-08-2005,270.0,288.0,169,288.0,270.0,270.0
10-08-2005,270.0,288.0,171,288.0,288.0,288.0
11-08-2005,270.0,288.0,532,288.0,288.0,288.0
12-08-2005,270.0,288.0,556,288.0,270.0,270.0
15-08-2005,234.0,270.0,1850,306.0,306.0,306.0
16-08-2005,288.0,306.0,778,306.0,288.0,288.0
17-08-2005,270.0,288.0,323,306.0,270.0,270.0
18-08-2005,234.0,270.0,88,270.0,252.0,252.0
19-08-2005,216.0,252.0,706,288.0,270.0,270.0
22-08-2005,234.0,270.0,287,288.0,234.0,234.0
23-08-2005,234.0,234.0,173,270.0,270.0,270.0
24-08-2005,252.0,270.0,124,270.0,252.0,252.0
25-08-2005,252.0,252.0,25,252.0,252.0,252.0
26-08-2005,216.0,252.0,271,252.0,234.0,234.0
29-08-2005,234.0,234.0,109,234.0,234.0,234.0
30-08-2005,198.0,234.0,677,252.0,234.0,234.0
31-08-2005,234.0,234.0,562,252.0,252.0,252.0
01-09-2005,252.0,252.0,1293,306.0,306.0,306.0
02-09-2005,288.0,306.0,468,324.0,288.0,288.0
06-09-2005,288.0,288.0,219,306.0,288.0,288.0
07-09-2005,288.0,288.0,184,288.0,288.0,288.0
08-09-2005,270.0,288.0,398,306.0,270.0,270.0
09-09-2005,252.0,288.0,875,288.0,252.0,252.0
12-09-2005,234.0,270.0,170,270.0,234.0,234.0
13-09-2005,234.0,252.0,969,288.0,288.0,288.0
14-09-2005,270.0,288.0,555,306.0,288.0,288.0
15-09-2005,270.0,288.0,1202,306.0,288.0,288.0
16-09-2005,288.0,306.0,581,324.0,306.0,306.0
19-09-2005,306.0,324.0,1151,360.0,342.0,342.0
20-09-2005,324.0,360.0,825,360.0,342.0,342.0
21-09-2005,288.0,342.0,271,342.0,288.0,288.0
22-09-2005,288.0,288.0,274,306.0,306.0,306.0
23-09-2005,306.0,306.0,1126,378.0,342.0,342.0
26-09-2005,342.0,342.0,1922,486.0,450.0,450.0
27-09-2005,396.0,486.0,2318,486.0,432.0,432.0
28-09-2005,342.0,414.0,1148,432.0,378.0,378.0
29-09-2005,396.0,396.0,894,468.0,450.0,450.0
30-09-2005,450.0,450.0,2198,522.0,522.0,522.0
03-10-2005,432.0,540.0,1384,558.0,486.0,486.0
04-10-2005,468.0,468.0,434,522.0,504.0,504.0
05-10-2005,450.0,504.0,382,522.0,450.0,450.0
06-10-2005,414.0,468.0,524,504.0,450.0,450.0
07-10-2005,396.0,450.0,501,450.0,414.0,414.0
10-10-2005,414.0,432.0,109,432.0,432.0,432.0
11-10-2005,414.0,432.0,71,432.0,432.0,432.0
12-10-2005,396.0,432.0,181,432.0,414.0,414.0
13-10-2005,414.0,414.0,252,450.0,432.0,432.0
14-10-2005,378.0,432.0,891,432.0,396.0,396.0
17-10-2005,414.0,414.0,206,450.0,432.0,432.0
18-10-2005,396.0,450.0,423,468.0,414.0,414.0
19-10-2005,378.0,414.0,494,432.0,414.0,414.0
20-10-2005,378.0,432.0,165,432.0,414.0,414.0
21-10-2005,360.0,396.0,236,414.0,360.0,360.0
24-10-2005,342.0,414.0,1092,450.0,378.0,378.0
25-10-2005,378.0,414.0,233,414.0,396.0,396.0
26-10-2005,378.0,396.0,209,432.0,396.0,396.0
27-10-2005,342.0,396.0,219,396.0,342.0,342.0
28-10-2005,270.0,360.0,728,360.0,342.0,342.0
31-10-2005,324.0,342.0,175,396.0,342.0,342.0
01-11-2005,342.0,360.0,191,378.0,360.0,360.0
02-11-2005,288.0,378.0,905,396.0,324.0,324.0
03-11-2005,306.0,342.0,284,360.0,342.0,342.0
04-11-2005,324.0,342.0,199,360.0,324.0,324.0
07-11-2005,288.0,324.0,730,324.0,288.0,288.0
08-11-2005,288.0,288.0,483,360.0,342.0,342.0
09-11-2005,342.0,360.0,555,378.0,360.0,360.0
10-11-2005,342.0,378.0,519,396.0,360.0,360.0
11-11-2005,360.0,378.0,130,396.0,360.0,360.0
14-11-2005,324.0,360.0,157,378.0,342.0,342.0
15-11-2005,324.0,342.0,104,342.0,324.0,324.0
16-11-2005,324.0,324.0,140,360.0,360.0,360.0
17-11-2005,306.0,342.0,266,360.0,306.0,306.0
18-11-2005,306.0,306.0,59,324.0,306.0,306.0
21-11-2005,288.0,288.0,57,306.0,306.0,306.0
22-11-2005,288.0,306.0,58,306.0,306.0,306.0
23-11-2005,288.0,306.0,80,306.0,288.0,288.0
25-11-2005,288.0,288.0,422,342.0,288.0,288.0
28-11-2005,306.0,306.0,129,324.0,306.0,306.0
29-11-2005,288.0,306.0,226,306.0,288.0,288.0
30-11-2005,270.0,288.0,286,288.0,270.0,270.0
01-12-2005,270.0,270.0,155,288.0,270.0,270.0
02-12-2005,234.0,288.0,271,288.0,252.0,252.0
05-12-2005,252.0,252.0,400,324.0,324.0,324.0
06-12-2005,306.0,306.0,295,342.0,306.0,306.0
07-12-2005,306.0,324.0,107,324.0,306.0,306.0
08-12-2005,288.0,306.0,123,306.0,306.0,306.0
09-12-2005,288.0,306.0,378,324.0,306.0,306.0
12-12-2005,306.0,306.0,775,360.0,360.0,360.0
13-12-2005,306.0,342.0,195,360.0,324.0,324.0
14-12-2005,306.0,306.0,231,324.0,306.0,306.0
15-12-2005,288.0,324.0,261,324.0,288.0,288.0
16-12-2005,288.0,288.0,368,306.0,306.0,306.0
19-12-2005,306.0,324.0,432,324.0,324.0,324.0
20-12-2005,306.0,324.0,455,342.0,342.0,342.0
21-12-2005,288.0,324.0,262,324.0,306.0,306.0
22-12-2005,252.0,306.0,560,306.0,288.0,288.0
23-12-2005,288.0,288.0,477,342.0,324.0,324.0
27-12-2005,288.0,288.0,423,342.0,324.0,324.0
28-12-2005,342.0,342.0,355,360.0,342.0,342.0
29-12-2005,324.0,360.0,110,360.0,342.0,342.0
30-12-2005,306.0,342.0,377,342.0,342.0,342.0
03-01-2006,342.0,342.0,174,360.0,342.0,342.0
04-01-2006,324.0,360.0,301,360.0,342.0,342.0
05-01-2006,342.0,342.0,1125,360.0,360.0,360.0
06-01-2006,360.0,360.0,1701,432.0,432.0,432.0
09-01-2006,432.0,450.0,1097,468.0,468.0,468.0
10-01-2006,450.0,486.0,1059,486.0,450.0,450.0
11-01-2006,468.0,486.0,2254,522.0,504.0,504.0
12-01-2006,468.0,504.0,1314,522.0,522.0,522.0
13-01-2006,504.0,504.0,2041,648.0,630.0,630.0
17-01-2006,630.0,630.0,1566,756.0,720.0,720.0
18-01-2006,630.0,756.0,880,792.0,666.0,666.0
19-01-2006,630.0,666.0,961,774.0,774.0,774.0
20-01-2006,756.0,774.0,1712,918.0,918.0,918.0
23-01-2006,918.0,972.0,1579,1350.0,1170.0,1170.0
24-01-2006,1116.0,1260.0,1324,1260.0,1170.0,1170.0
25-01-2006,954.0,1296.0,1467,1296.0,1008.0,1008.0
26-01-2006,990.0,1026.0,1298,1134.0,1026.0,1026.0
27-01-2006,1062.0,1098.0,1013,1134.0,1134.0,1134.0
30-01-2006,1152.0,1152.0,675,1278.0,1242.0,1242.0
31-01-2006,1314.0,1332.0,1947,1584.0,1458.0,1458.0
01-02-2006,1278.0,1548.0,1260,1566.0,1368.0,1368.0
02-02-2006,1386.0,1386.0,608,1512.0,1458.0,1458.0
03-02-2006,1332.0,1458.0,423,1512.0,1404.0,1404.0
06-02-2006,1314.0,1404.0,288,1404.0,1386.0,1386.0
07-02-2006,1314.0,1404.0,387,1404.0,1350.0,1350.0
08-02-2006,1026.0,1188.0,1192,1278.0,1206.0,1206.0
09-02-2006,1170.0,1170.0,519,1404.0,1386.0,1386.0
10-02-2006,1332.0,1386.0,333,1458.0,1404.0,1404.0
13-02-2006,1350.0,1404.0,289,1512.0,1440.0,1440.0
14-02-2006,1404.0,1440.0,432,1494.0,1494.0,1494.0
15-02-2006,1332.0,1512.0,808,1584.0,1368.0,1368.0
16-02-2006,1134.0,1386.0,600,1422.0,1242.0,1242.0
17-02-2006,1080.0,1242.0,712,1260.0,1170.0,1170.0
21-02-2006,1188.0,1206.0,843,1350.0,1278.0,1278.0
22-02-2006,1134.0,1296.0,739,1314.0,1188.0,1188.0
23-02-2006,1116.0,1188.0,246,1206.0,1206.0,1206.0
24-02-2006,1134.0,1224.0,209,1260.0,1260.0,1260.0
27-02-2006,1206.0,1260.0,557,1404.0,1260.0,1260.0
28-02-2006,1188.0,1296.0,385,1368.0,1260.0,1260.0
01-03-2006,1188.0,1278.0,407,1296.0,1206.0,1206.0
02-03-2006,1116.0,1206.0,786,1224.0,1152.0,1152.0
03-03-2006,1134.0,1170.0,347,1206.0,1170.0,1170.0
06-03-2006,1116.0,1152.0,403,1188.0,1116.0,1116.0
07-03-2006,1098.0,1134.0,258,1134.0,1116.0,1116.0
08-03-2006,1008.0,1116.0,546,1116.0,1044.0,1044.0
09-03-2006,972.0,1044.0,701,1062.0,990.0,990.0
10-03-2006,828.0,972.0,1332,990.0,972.0,972.0
13-03-2006,954.0,954.0,479,1188.0,1170.0,1170.0
14-03-2006,1008.0,1260.0,604,1278.0,1062.0,1062.0
15-03-2006,1008.0,1080.0,180,1134.0,1062.0,1062.0
16-03-2006,1062.0,1062.0,216,1116.0,1116.0,1116.0
17-03-2006,1044.0,1098.0,218,1098.0,1098.0,1098.0
20-03-2006,1008.0,1080.0,295,1134.0,1044.0,1044.0
21-03-2006,1008.0,1044.0,112,1080.0,1062.0,1062.0
22-03-2006,936.0,1062.0,357,1062.0,972.0,972.0
23-03-2006,900.0,954.0,280,972.0,936.0,936.0
24-03-2006,936.0,936.0,319,1062.0,1062.0,1062.0
27-03-2006,936.0,1080.0,256,1080.0,972.0,972.0
28-03-2006,918.0,972.0,196,1044.0,990.0,990.0
29-03-2006,882.0,990.0,396,1008.0,1008.0,1008.0
30-03-2006,936.0,1008.0,130,1008.0,972.0,972.0
31-03-2006,918.0,954.0,226,954.0,936.0,936.0
03-04-2006,918.0,954.0,116,990.0,918.0,918.0
04-04-2006,918.0,936.0,123,990.0,954.0,954.0
05-04-2006,954.0,972.0,347,1152.0,1152.0,1152.0
06-04-2006,1170.0,1170.0,2126,1404.0,1332.0,1332.0
07-04-2006,1260.0,1386.0,788,1422.0,1314.0,1314.0
10-04-2006,1296.0,1314.0,378,1404.0,1332.0,1332.0
11-04-2006,1170.0,1368.0,281,1368.0,1224.0,1224.0
12-04-2006,1116.0,1224.0,194,1224.0,1134.0,1134.0
13-04-2006,1116.0,1134.0,296,1242.0,1206.0,1206.0
17-04-2006,1080.0,1242.0,286,1260.0,1098.0,1098.0
18-04-2006,1044.0,1170.0,209,1170.0,1080.0,1080.0
19-04-2006,1062.0,1080.0,126,1152.0,1080.0,1080.0
20-04-2006,1044.0,1080.0,197,1170.0,1152.0,1152.0
21-04-2006,1152.0,1152.0,475,1224.0,1170.0,1170.0
24-04-2006,1116.0,1188.0,158,1206.0,1134.0,1134.0
25-04-2006,1098.0,1134.0,88,1188.0,1152.0,1152.0
26-04-2006,1152.0,1152.0,460,1278.0,1260.0,1260.0
27-04-2006,1116.0,1260.0,234,1260.0,1152.0,1152.0
28-04-2006,1170.0,1170.0,204,1278.0,1224.0,1224.0
01-05-2006,1170.0,1260.0,225,1296.0,1242.0,1242.0
02-05-2006,1152.0,1260.0,426,1260.0,1188.0,1188.0
03-05-2006,1170.0,1188.0,506,1350.0,1278.0,1278.0
04-05-2006,1170.0,1314.0,762,1332.0,1170.0,1170.0
05-05-2006,1116.0,1152.0,313,1188.0,1188.0,1188.0
08-05-2006,1116.0,1170.0,223,1188.0,1134.0,1134.0
09-05-2006,1116.0,1134.0,212,1224.0,1224.0,1224.0
10-05-2006,1188.0,1242.0,597,1332.0,1314.0,1314.0
11-05-2006,1170.0,1332.0,504,1350.0,1242.0,1242.0
12-05-2006,1188.0,1224.0,390,1296.0,1242.0,1242.0
15-05-2006,1188.0,1278.0,236,1296.0,1224.0,1224.0
16-05-2006,1134.0,1242.0,192,1242.0,1170.0,1170.0
17-05-2006,1134.0,1170.0,278,1188.0,1134.0,1134.0
18-05-2006,1080.0,1134.0,164,1152.0,1116.0,1116.0
19-05-2006,972.0,1098.0,465,1116.0,1044.0,1044.0
22-05-2006,900.0,1044.0,396,1044.0,954.0,954.0
23-05-2006,900.0,954.0,243,1062.0,1044.0,1044.0
24-05-2006,1008.0,1044.0,193,1080.0,1062.0,1062.0
25-05-2006,1026.0,1080.0,183,1116.0,1062.0,1062.0
26-05-2006,1026.0,1080.0,204,1098.0,1080.0,1080.0
30-05-2006,1044.0,1116.0,201,1134.0,1044.0,1044.0
31-05-2006,936.0,1062.0,226,1062.0,1008.0,1008.0
01-06-2006,900.0,972.0,523,972.0,918.0,918.0
02-06-2006,756.0,900.0,1191,918.0,828.0,828.0
05-06-2006,828.0,828.0,303,972.0,918.0,918.0
06-06-2006,936.0,936.0,370,1026.0,954.0,954.0
07-06-2006,918.0,918.0,167,990.0,990.0,990.0
08-06-2006,918.0,972.0,339,1026.0,990.0,990.0
09-06-2006,972.0,972.0,227,1044.0,990.0,990.0
12-06-2006,810.0,1008.0,425,1026.0,810.0,810.0
13-06-2006,810.0,810.0,259,882.0,846.0,846.0
14-06-2006,846.0,846.0,162,936.0,936.0,936.0
15-06-2006,846.0,972.0,311,990.0,918.0,918.0
16-06-2006,918.0,936.0,145,990.0,954.0,954.0
19-06-2006,864.0,972.0,131,972.0,900.0,900.0
20-06-2006,864.0,900.0,80,918.0,864.0,864.0
21-06-2006,828.0,882.0,205,900.0,882.0,882.0
22-06-2006,828.0,846.0,63,864.0,864.0,864.0
23-06-2006,846.0,864.0,39,864.0,864.0,864.0
26-06-2006,810.0,864.0,86,864.0,810.0,810.0
27-06-2006,792.0,828.0,366,828.0,828.0,828.0
28-06-2006,810.0,810.0,73,828.0,828.0,828.0
29-06-2006,756.0,810.0,118,810.0,774.0,774.0
30-06-2006,756.0,756.0,144,846.0,810.0,810.0
03-07-2006,828.0,864.0,23,864.0,864.0,864.0
05-07-2006,864.0,864.0,35,918.0,864.0,864.0
06-07-2006,846.0,864.0,30,864.0,864.0,864.0
07-07-2006,882.0,900.0,195,954.0,900.0,900.0
10-07-2006,882.0,882.0,25,900.0,900.0,900.0
11-07-2006,810.0,864.0,109,882.0,864.0,864.0
12-07-2006,828.0,864.0,83,900.0,882.0,882.0
13-07-2006,828.0,864.0,140,900.0,882.0,882.0
14-07-2006,828.0,900.0,29,900.0,882.0,882.0
17-07-2006,900.0,900.0,367,1026.0,972.0,972.0
18-07-2006,918.0,954.0,91,990.0,936.0,936.0
19-07-2006,936.0,954.0,88,1008.0,1008.0,1008.0
20-07-2006,972.0,990.0,718,1188.0,1134.0,1134.0
21-07-2006,1044.0,1134.0,239,1134.0,1080.0,1080.0
24-07-2006,954.0,1044.0,118,1080.0,972.0,972.0
25-07-2006,900.0,972.0,79,972.0,918.0,918.0
26-07-2006,810.0,954.0,224,954.0,900.0,900.0
27-07-2006,864.0,864.0,82,918.0,900.0,900.0
28-07-2006,882.0,954.0,72,972.0,954.0,954.0
31-07-2006,864.0,954.0,55,954.0,900.0,900.0
01-08-2006,900.0,918.0,88,954.0,954.0,954.0
02-08-2006,882.0,900.0,78,972.0,972.0,972.0
03-08-2006,972.0,990.0,251,1080.0,1044.0,1044.0
04-08-2006,990.0,1062.0,310,1080.0,1044.0,1044.0
07-08-2006,990.0,1080.0,122,1080.0,990.0,990.0
08-08-2006,972.0,1026.0,73,1062.0,1026.0,1026.0
09-08-2006,918.0,1062.0,74,1062.0,954.0,954.0
10-08-2006,900.0,918.0,118,990.0,936.0,936.0
11-08-2006,900.0,900.0,60,972.0,972.0,972.0
14-08-2006,864.0,918.0,152,954.0,900.0,900.0
15-08-2006,864.0,900.0,141,900.0,900.0,900.0
16-08-2006,864.0,954.0,75,972.0,918.0,918.0
17-08-2006,864.0,900.0,115,900.0,864.0,864.0
18-08-2006,846.0,864.0,98,918.0,900.0,900.0
21-08-2006,882.0,900.0,143,918.0,900.0,900.0
22-08-2006,864.0,864.0,166,936.0,900.0,900.0
23-08-2006,828.0,936.0,205,936.0,864.0,864.0
24-08-2006,828.0,828.0,239,918.0,900.0,900.0
25-08-2006,846.0,882.0,183,900.0,900.0,900.0
28-08-2006,882.0,900.0,200,918.0,882.0,882.0
29-08-2006,864.0,864.0,140,918.0,900.0,900.0
30-08-2006,792.0,900.0,156,918.0,900.0,900.0
31-08-2006,864.0,900.0,77,900.0,900.0,900.0
01-09-2006,864.0,882.0,57,900.0,882.0,882.0
05-09-2006,864.0,882.0,88,900.0,882.0,882.0
06-09-2006,864.0,864.0,103,900.0,882.0,882.0
07-09-2006,828.0,864.0,121,900.0,864.0,864.0
08-09-2006,810.0,828.0,244,900.0,900.0,900.0
11-09-2006,828.0,900.0,75,900.0,882.0,882.0
12-09-2006,828.0,882.0,62,882.0,882.0,882.0
13-09-2006,828.0,828.0,178,864.0,828.0,828.0
14-09-2006,756.0,828.0,167,828.0,792.0,792.0
15-09-2006,738.0,810.0,224,810.0,810.0,810.0
18-09-2006,720.0,810.0,93,810.0,720.0,720.0
19-09-2006,630.0,738.0,942,756.0,684.0,684.0
20-09-2006,666.0,666.0,162,756.0,756.0,756.0
21-09-2006,684.0,756.0,684,756.0,684.0,684.0
22-09-2006,684.0,720.0,245,738.0,738.0,738.0
25-09-2006,648.0,774.0,184,774.0,756.0,756.0
26-09-2006,738.0,756.0,296,792.0,792.0,792.0
27-09-2006,792.0,792.0,430,900.0,882.0,882.0
28-09-2006,864.0,864.0,202,900.0,882.0,882.0
29-09-2006,792.0,882.0,151,882.0,828.0,828.0
02-10-2006,774.0,792.0,83,882.0,882.0,882.0
03-10-2006,792.0,846.0,134,900.0,810.0,810.0
04-10-2006,774.0,810.0,62,828.0,828.0,828.0
05-10-2006,738.0,774.0,93,864.0,864.0,864.0
06-10-2006,774.0,864.0,246,900.0,864.0,864.0
09-10-2006,648.0,864.0,1614,864.0,684.0,684.0
10-10-2006,648.0,702.0,2621,720.0,666.0,666.0
11-10-2006,630.0,648.0,607,666.0,648.0,648.0
12-10-2006,612.0,648.0,672,648.0,612.0,612.0
13-10-2006,576.0,612.0,1133,630.0,612.0,612.0
16-10-2006,450.0,594.0,1290,612.0,522.0,522.0
17-10-2006,432.0,504.0,862,540.0,504.0,504.0
18-10-2006,504.0,522.0,1588,576.0,576.0,576.0
19-10-2006,522.0,576.0,528,576.0,540.0,540.0
20-10-2006,522.0,540.0,507,576.0,540.0,540.0
23-10-2006,504.0,540.0,2874,558.0,540.0,540.0
24-10-2006,522.0,558.0,594,558.0,522.0,522.0
25-10-2006,522.0,558.0,575,558.0,540.0,540.0
26-10-2006,540.0,558.0,997,558.0,540.0,540.0
27-10-2006,522.0,540.0,1029,540.0,540.0,540.0
30-10-2006,540.0,558.0,973,558.0,540.0,540.0
31-10-2006,540.0,558.0,1058,558.0,540.0,540.0
01-11-2006,522.0,540.0,415,540.0,522.0,522.0
02-11-2006,522.0,540.0,251,540.0,522.0,522.0
03-11-2006,486.0,540.0,1372,540.0,504.0,504.0
06-11-2006,504.0,522.0,342,540.0,504.0,504.0
07-11-2006,486.0,522.0,182,522.0,486.0,486.0
08-11-2006,468.0,504.0,623,504.0,468.0,468.0
09-11-2006,468.0,468.0,951,504.0,468.0,468.0
10-11-2006,486.0,486.0,756,504.0,486.0,486.0
13-11-2006,468.0,468.0,296,504.0,486.0,486.0
14-11-2006,486.0,486.0,542,504.0,486.0,486.0
15-11-2006,486.0,504.0,1987,558.0,540.0,540.0
16-11-2006,522.0,558.0,1300,558.0,522.0,522.0
17-11-2006,522.0,540.0,693,540.0,522.0,522.0
20-11-2006,522.0,522.0,301,522.0,522.0,522.0
21-11-2006,486.0,522.0,493,522.0,504.0,504.0
22-11-2006,468.0,486.0,228,504.0,486.0,486.0
24-11-2006,486.0,486.0,299,504.0,504.0,504.0
27-11-2006,504.0,504.0,592,504.0,504.0,504.0
28-11-2006,504.0,504.0,2780,558.0,522.0,522.0
29-11-2006,540.0,540.0,7502,648.0,576.0,576.0
30-11-2006,522.0,612.0,1830,612.0,540.0,540.0
01-12-2006,522.0,540.0,1567,558.0,540.0,540.0
04-12-2006,522.0,594.0,2594,594.0,540.0,540.0
05-12-2006,522.0,540.0,954,558.0,540.0,540.0
06-12-2006,522.0,540.0,920,540.0,540.0,540.0
07-12-2006,540.0,540.0,3077,558.0,540.0,540.0
08-12-2006,540.0,540.0,730,558.0,540.0,540.0
11-12-2006,540.0,540.0,3158,576.0,540.0,540.0
12-12-2006,540.0,558.0,774,558.0,540.0,540.0
13-12-2006,504.0,558.0,503,558.0,504.0,504.0
14-12-2006,486.0,504.0,633,558.0,522.0,522.0
15-12-2006,504.0,540.0,720,558.0,540.0,540.0
18-12-2006,540.0,540.0,621,558.0,540.0,540.0
19-12-2006,522.0,558.0,1454,558.0,540.0,540.0
20-12-2006,540.0,558.0,853,558.0,540.0,540.0
21-12-2006,540.0,558.0,1001,558.0,540.0,540.0
22-12-2006,540.0,540.0,1578,558.0,540.0,540.0
26-12-2006,540.0,540.0,602,558.0,540.0,540.0
27-12-2006,522.0,540.0,689,540.0,540.0,540.0
28-12-2006,540.0,540.0,567,540.0,540.0,540.0
29-12-2006,540.0,540.0,981,540.0,540.0,540.0
03-01-2007,522.0,540.0,841,540.0,540.0,540.0
04-01-2007,522.0,540.0,6408,648.0,612.0,612.0
05-01-2007,666.0,702.0,10572,756.0,720.0,720.0
08-01-2007,648.0,738.0,2557,738.0,702.0,702.0
09-01-2007,576.0,684.0,1120,702.0,612.0,612.0
10-01-2007,612.0,612.0,1038,666.0,666.0,666.0
11-01-2007,648.0,666.0,1399,702.0,684.0,684.0
12-01-2007,666.0,702.0,762,702.0,666.0,666.0
16-01-2007,684.0,720.0,1269,756.0,684.0,684.0
17-01-2007,702.0,720.0,1386,720.0,720.0,720.0
18-01-2007,684.0,720.0,1145,720.0,720.0,720.0
19-01-2007,684.0,720.0,1190,720.0,702.0,702.0
22-01-2007,540.0,702.0,1962,702.0,684.0,684.0
23-01-2007,648.0,684.0,436,684.0,666.0,666.0
24-01-2007,666.0,684.0,757,684.0,666.0,666.0
25-01-2007,648.0,684.0,610,684.0,666.0,666.0
26-01-2007,630.0,648.0,406,666.0,648.0,648.0
29-01-2007,576.0,630.0,716,666.0,630.0,630.0
30-01-2007,594.0,648.0,258,648.0,630.0,630.0
31-01-2007,612.0,630.0,293,630.0,612.0,612.0
01-02-2007,594.0,630.0,503,630.0,630.0,630.0
02-02-2007,594.0,630.0,585,630.0,594.0,594.0
05-02-2007,594.0,612.0,512,630.0,594.0,594.0
06-02-2007,576.0,594.0,295,612.0,594.0,594.0
07-02-2007,576.0,594.0,533,630.0,594.0,594.0
08-02-2007,594.0,612.0,389,630.0,612.0,612.0
09-02-2007,576.0,612.0,597,612.0,594.0,594.0
12-02-2007,576.0,594.0,242,612.0,594.0,594.0
13-02-2007,576.0,612.0,352,612.0,594.0,594.0
14-02-2007,594.0,594.0,424,612.0,594.0,594.0
15-02-2007,576.0,594.0,1148,612.0,594.0,594.0
16-02-2007,576.0,576.0,404,594.0,594.0,594.0
20-02-2007,558.0,594.0,284,594.0,576.0,576.0
21-02-2007,450.0,594.0,2051,594.0,486.0,486.0
22-02-2007,486.0,522.0,714,522.0,486.0,486.0
23-02-2007,486.0,522.0,1331,522.0,486.0,486.0
26-02-2007,486.0,504.0,1158,522.0,504.0,504.0
27-02-2007,360.0,486.0,3475,504.0,396.0,396.0
28-02-2007,360.0,396.0,2573,432.0,378.0,378.0
01-03-2007,378.0,414.0,753,468.0,432.0,432.0
02-03-2007,378.0,450.0,784,450.0,396.0,396.0
05-03-2007,342.0,378.0,784,396.0,378.0,378.0
06-03-2007,378.0,378.0,1808,432.0,432.0,432.0
07-03-2007,432.0,486.0,1114,486.0,468.0,468.0
08-03-2007,450.0,486.0,621,486.0,468.0,468.0
09-03-2007,432.0,468.0,499,468.0,450.0,450.0
12-03-2007,414.0,450.0,295,450.0,450.0,450.0
13-03-2007,360.0,432.0,1290,432.0,414.0,414.0
14-03-2007,378.0,414.0,629,450.0,432.0,432.0
15-03-2007,396.0,432.0,342,450.0,450.0,450.0
16-03-2007,432.0,450.0,638,468.0,468.0,468.0
19-03-2007,432.0,468.0,747,504.0,504.0,504.0
20-03-2007,468.0,504.0,581,504.0,504.0,504.0
21-03-2007,468.0,504.0,514,504.0,504.0,504.0
22-03-2007,486.0,486.0,499,504.0,504.0,504.0
23-03-2007,486.0,504.0,754,522.0,486.0,486.0
26-03-2007,468.0,522.0,348,522.0,486.0,486.0
27-03-2007,468.0,486.0,141,504.0,486.0,486.0
28-03-2007,486.0,486.0,409,504.0,486.0,486.0
29-03-2007,486.0,486.0,1982,576.0,522.0,522.0
30-03-2007,504.0,540.0,1229,558.0,558.0,558.0
02-04-2007,522.0,558.0,609,558.0,540.0,540.0
03-04-2007,504.0,522.0,704,558.0,522.0,522.0
04-04-2007,486.0,522.0,394,522.0,522.0,522.0
05-04-2007,468.0,522.0,580,522.0,486.0,486.0
09-04-2007,450.0,486.0,259,486.0,468.0,468.0
10-04-2007,450.0,468.0,384,504.0,486.0,486.0
11-04-2007,468.0,504.0,337,504.0,468.0,468.0
12-04-2007,450.0,486.0,1722,504.0,468.0,468.0
13-04-2007,450.0,486.0,888,504.0,468.0,468.0
16-04-2007,450.0,450.0,879,468.0,468.0,468.0
17-04-2007,414.0,468.0,1117,468.0,432.0,432.0
18-04-2007,432.0,432.0,1328,504.0,504.0,504.0
19-04-2007,468.0,486.0,1304,540.0,522.0,522.0
20-04-2007,504.0,540.0,634,540.0,504.0,504.0
23-04-2007,504.0,504.0,714,522.0,522.0,522.0
24-04-2007,504.0,522.0,592,522.0,504.0,504.0
25-04-2007,486.0,504.0,463,522.0,486.0,486.0
26-04-2007,450.0,504.0,1147,504.0,450.0,450.0
27-04-2007,432.0,486.0,1402,486.0,450.0,450.0
30-04-2007,450.0,486.0,721,486.0,468.0,468.0
01-05-2007,450.0,450.0,694,468.0,468.0,468.0
02-05-2007,450.0,450.0,422,468.0,450.0,450.0
03-05-2007,450.0,468.0,270,468.0,468.0,468.0
04-05-2007,450.0,468.0,185,468.0,468.0,468.0
07-05-2007,450.0,468.0,509,486.0,468.0,468.0
08-05-2007,432.0,468.0,697,468.0,450.0,450.0
09-05-2007,432.0,432.0,732,468.0,468.0,468.0
10-05-2007,450.0,468.0,935,468.0,468.0,468.0
11-05-2007,450.0,468.0,637,468.0,468.0,468.0
14-05-2007,450.0,486.0,569,486.0,468.0,468.0
15-05-2007,450.0,468.0,687,486.0,486.0,486.0
16-05-2007,468.0,486.0,1457,522.0,522.0,522.0
17-05-2007,486.0,540.0,1004,540.0,504.0,504.0
18-05-2007,522.0,522.0,1022,558.0,540.0,540.0
21-05-2007,540.0,540.0,1203,558.0,558.0,558.0
22-05-2007,540.0,558.0,647,558.0,558.0,558.0
23-05-2007,522.0,558.0,541,558.0,540.0,540.0
24-05-2007,504.0,540.0,345,540.0,522.0,522.0
25-05-2007,504.0,504.0,183,540.0,540.0,540.0
29-05-2007,522.0,540.0,736,540.0,522.0,522.0
30-05-2007,486.0,522.0,570,540.0,522.0,522.0
31-05-2007,504.0,522.0,251,522.0,522.0,522.0
01-06-2007,504.0,504.0,519,522.0,522.0,522.0
04-06-2007,504.0,522.0,320,540.0,522.0,522.0
05-06-2007,504.0,522.0,473,540.0,522.0,522.0
06-06-2007,504.0,504.0,330,522.0,522.0,522.0
07-06-2007,486.0,522.0,418,522.0,486.0,486.0
08-06-2007,432.0,504.0,1361,504.0,450.0,450.0
11-06-2007,450.0,468.0,748,486.0,468.0,468.0
12-06-2007,450.0,468.0,400,486.0,468.0,468.0
13-06-2007,450.0,468.0,340,468.0,468.0,468.0
14-06-2007,468.0,468.0,506,504.0,486.0,486.0
15-06-2007,468.0,486.0,369,504.0,504.0,504.0
18-06-2007,486.0,504.0,661,522.0,522.0,522.0
19-06-2007,486.0,522.0,777,540.0,522.0,522.0
20-06-2007,486.0,522.0,623,540.0,522.0,522.0
21-06-2007,504.0,522.0,379,522.0,504.0,504.0
22-06-2007,486.0,504.0,303,522.0,504.0,504.0
25-06-2007,504.0,522.0,290,522.0,504.0,504.0
26-06-2007,486.0,504.0,307,504.0,504.0,504.0
27-06-2007,486.0,486.0,205,522.0,522.0,522.0
28-06-2007,486.0,504.0,413,522.0,504.0,504.0
29-06-2007,468.0,504.0,480,504.0,504.0,504.0
02-07-2007,468.0,486.0,301,486.0,486.0,486.0
03-07-2007,468.0,486.0,367,504.0,486.0,486.0
05-07-2007,468.0,486.0,210,486.0,486.0,486.0
06-07-2007,468.0,486.0,359,504.0,486.0,486.0
09-07-2007,450.0,486.0,1193,486.0,468.0,468.0
10-07-2007,450.0,468.0,696,486.0,486.0,486.0
11-07-2007,450.0,486.0,807,504.0,486.0,486.0
12-07-2007,486.0,504.0,739,504.0,486.0,486.0
13-07-2007,486.0,486.0,644,504.0,486.0,486.0
16-07-2007,468.0,486.0,1048,504.0,504.0,504.0
17-07-2007,504.0,504.0,1590,522.0,504.0,504.0
18-07-2007,504.0,504.0,632,522.0,522.0,522.0
19-07-2007,504.0,522.0,207,522.0,522.0,522.0
20-07-2007,468.0,522.0,637,522.0,486.0,486.0
23-07-2007,468.0,522.0,902,522.0,468.0,468.0
24-07-2007,468.0,468.0,638,486.0,468.0,468.0
25-07-2007,504.0,504.0,1783,540.0,522.0,522.0
26-07-2007,522.0,522.0,779,540.0,522.0,522.0
27-07-2007,468.0,522.0,485,540.0,486.0,486.0
30-07-2007,468.0,468.0,303,486.0,486.0,486.0
31-07-2007,468.0,486.0,481,486.0,468.0,468.0
01-08-2007,450.0,468.0,365,486.0,468.0,468.0
02-08-2007,450.0,468.0,650,522.0,522.0,522.0
03-08-2007,468.0,522.0,534,522.0,486.0,486.0
06-08-2007,450.0,486.0,379,486.0,468.0,468.0
07-08-2007,450.0,468.0,339,468.0,450.0,450.0
08-08-2007,450.0,450.0,272,468.0,450.0,450.0
09-08-2007,468.0,468.0,475,504.0,504.0,504.0
10-08-2007,468.0,486.0,417,486.0,486.0,486.0
13-08-2007,468.0,468.0,303,486.0,486.0,486.0
14-08-2007,432.0,486.0,771,486.0,450.0,450.0
15-08-2007,414.0,450.0,1013,450.0,432.0,432.0
16-08-2007,288.0,414.0,2180,414.0,360.0,360.0
17-08-2007,360.0,432.0,697,432.0,378.0,378.0
20-08-2007,360.0,396.0,489,396.0,378.0,378.0
21-08-2007,342.0,396.0,775,396.0,360.0,360.0
22-08-2007,360.0,378.0,961,396.0,396.0,396.0
23-08-2007,360.0,396.0,397,396.0,378.0,378.0
24-08-2007,342.0,378.0,666,378.0,378.0,378.0
27-08-2007,342.0,378.0,916,396.0,360.0,360.0
28-08-2007,306.0,324.0,1375,342.0,324.0,324.0
29-08-2007,306.0,324.0,811,360.0,342.0,342.0
30-08-2007,324.0,324.0,794,360.0,360.0,360.0
31-08-2007,360.0,360.0,327,378.0,378.0,378.0
04-09-2007,360.0,360.0,496,396.0,378.0,378.0
05-09-2007,360.0,378.0,446,378.0,378.0,378.0
06-09-2007,378.0,378.0,130,396.0,396.0,396.0
07-09-2007,342.0,396.0,645,396.0,360.0,360.0
10-09-2007,360.0,360.0,372,396.0,378.0,378.0
11-09-2007,360.0,378.0,857,414.0,414.0,414.0
12-09-2007,396.0,432.0,493,432.0,432.0,432.0
13-09-2007,414.0,432.0,175,432.0,414.0,414.0
14-09-2007,396.0,414.0,59,414.0,414.0,414.0
17-09-2007,414.0,414.0,229,414.0,414.0,414.0
18-09-2007,396.0,414.0,400,414.0,396.0,396.0
19-09-2007,360.0,396.0,1334,432.0,414.0,414.0
20-09-2007,396.0,414.0,484,432.0,414.0,414.0
21-09-2007,396.0,396.0,214,414.0,396.0,396.0
24-09-2007,360.0,396.0,560,396.0,378.0,378.0
25-09-2007,360.0,378.0,151,414.0,414.0,414.0
26-09-2007,360.0,378.0,365,396.0,378.0,378.0
27-09-2007,360.0,378.0,335,414.0,378.0,378.0
28-09-2007,342.0,378.0,338,378.0,378.0,378.0
01-10-2007,360.0,360.0,1163,396.0,360.0,360.0
02-10-2007,360.0,378.0,1312,378.0,378.0,378.0
03-10-2007,360.0,360.0,220,378.0,360.0,360.0
04-10-2007,342.0,360.0,193,378.0,360.0,360.0
05-10-2007,360.0,360.0,1334,360.0,360.0,360.0
08-10-2007,306.0,360.0,579,360.0,306.0,306.0
09-10-2007,324.0,324.0,765,360.0,342.0,342.0
10-10-2007,342.0,342.0,729,360.0,342.0,342.0
11-10-2007,342.0,360.0,343,360.0,360.0,360.0
12-10-2007,342.0,360.0,502,360.0,360.0,360.0
15-10-2007,342.0,360.0,443,378.0,360.0,360.0
16-10-2007,342.0,360.0,379,360.0,360.0,360.0
17-10-2007,342.0,360.0,318,360.0,342.0,342.0
18-10-2007,270.0,342.0,4575,342.0,324.0,324.0
19-10-2007,270.0,342.0,2172,342.0,288.0,288.0
22-10-2007,288.0,324.0,3019,324.0,324.0,324.0
23-10-2007,306.0,324.0,1817,360.0,342.0,342.0
24-10-2007,324.0,342.0,1795,360.0,342.0,342.0
25-10-2007,306.0,324.0,2041,342.0,342.0,342.0
26-10-2007,306.0,324.0,1149,360.0,360.0,360.0
29-10-2007,360.0,360.0,1998,432.0,432.0,432.0
30-10-2007,396.0,432.0,716,432.0,414.0,414.0
31-10-2007,378.0,414.0,400,414.0,378.0,378.0
01-11-2007,378.0,378.0,405,396.0,396.0,396.0
02-11-2007,378.0,396.0,495,396.0,378.0,378.0
05-11-2007,360.0,360.0,242,396.0,378.0,378.0
06-11-2007,360.0,378.0,532,396.0,396.0,396.0
07-11-2007,360.0,396.0,192,396.0,378.0,378.0
08-11-2007,378.0,396.0,2421,450.0,432.0,432.0
09-11-2007,414.0,450.0,750,450.0,450.0,450.0
12-11-2007,450.0,450.0,2939,558.0,558.0,558.0
13-11-2007,540.0,594.0,3373,612.0,558.0,558.0
14-11-2007,522.0,576.0,650,576.0,540.0,540.0
15-11-2007,432.0,540.0,2088,540.0,450.0,450.0
16-11-2007,468.0,468.0,700,486.0,468.0,468.0
19-11-2007,432.0,486.0,3206,540.0,468.0,468.0
20-11-2007,450.0,468.0,387,486.0,468.0,468.0
21-11-2007,432.0,450.0,674,540.0,522.0,522.0
23-11-2007,486.0,504.0,135,504.0,486.0,486.0
26-11-2007,468.0,486.0,906,522.0,504.0,504.0
27-11-2007,468.0,504.0,287,522.0,504.0,504.0
28-11-2007,486.0,504.0,395,504.0,504.0,504.0
29-11-2007,468.0,504.0,671,522.0,504.0,504.0
30-11-2007,486.0,504.0,2326,558.0,558.0,558.0
03-12-2007,576.0,576.0,4938,684.0,684.0,684.0
04-12-2007,612.0,702.0,2835,738.0,630.0,630.0
05-12-2007,648.0,684.0,946,720.0,666.0,666.0
06-12-2007,666.0,702.0,2691,774.0,756.0,756.0
07-12-2007,702.0,792.0,7390,792.0,738.0,738.0
10-12-2007,684.0,720.0,1752,738.0,738.0,738.0
11-12-2007,648.0,738.0,1666,738.0,666.0,666.0
12-12-2007,666.0,684.0,609,702.0,684.0,684.0
13-12-2007,648.0,684.0,192,684.0,684.0,684.0
14-12-2007,648.0,684.0,256,684.0,684.0,684.0
17-12-2007,666.0,666.0,420,684.0,666.0,666.0
18-12-2007,666.0,684.0,618,684.0,666.0,666.0
19-12-2007,594.0,684.0,962,684.0,630.0,630.0
20-12-2007,576.0,630.0,610,630.0,612.0,612.0
21-12-2007,558.0,630.0,296,630.0,558.0,558.0
24-12-2007,540.0,558.0,580,630.0,612.0,612.0
26-12-2007,594.0,612.0,161,630.0,612.0,612.0
27-12-2007,576.0,612.0,304,630.0,612.0,612.0
28-12-2007,576.0,594.0,677,720.0,702.0,702.0
31-12-2007,648.0,702.0,749,702.0,684.0,684.0
02-01-2008,630.0,684.0,326,702.0,648.0,648.0
03-01-2008,612.0,648.0,204,666.0,648.0,648.0
04-01-2008,594.0,630.0,184,666.0,630.0,630.0
07-01-2008,594.0,630.0,232,648.0,612.0,612.0
08-01-2008,576.0,612.0,1118,648.0,648.0,648.0
09-01-2008,594.0,612.0,481,684.0,684.0,684.0
10-01-2008,612.0,684.0,465,684.0,648.0,648.0
11-01-2008,630.0,630.0,318,648.0,630.0,630.0
14-01-2008,594.0,648.0,367,648.0,612.0,612.0
15-01-2008,594.0,630.0,585,666.0,630.0,630.0
16-01-2008,594.0,612.0,420,630.0,630.0,630.0
17-01-2008,594.0,612.0,259,630.0,612.0,612.0
18-01-2008,576.0,612.0,786,630.0,630.0,630.0
22-01-2008,486.0,576.0,982,576.0,558.0,558.0
23-01-2008,504.0,540.0,575,558.0,522.0,522.0
24-01-2008,522.0,540.0,368,558.0,558.0,558.0
25-01-2008,540.0,558.0,246,558.0,558.0,558.0
28-01-2008,522.0,558.0,635,558.0,522.0,522.0
29-01-2008,522.0,540.0,488,558.0,540.0,540.0
30-01-2008,540.0,540.0,491,558.0,558.0,558.0
31-01-2008,540.0,558.0,342,576.0,576.0,576.0
01-02-2008,594.0,612.0,2376,648.0,630.0,630.0
04-02-2008,612.0,630.0,1483,666.0,630.0,630.0
05-02-2008,612.0,630.0,848,648.0,630.0,630.0
06-02-2008,594.0,630.0,216,630.0,612.0,612.0
07-02-2008,594.0,612.0,582,630.0,630.0,630.0
08-02-2008,612.0,630.0,197,630.0,612.0,612.0
11-02-2008,576.0,612.0,348,612.0,594.0,594.0
12-02-2008,576.0,612.0,191,612.0,594.0,594.0
13-02-2008,576.0,594.0,183,612.0,594.0,594.0
14-02-2008,594.0,594.0,169,612.0,612.0,612.0
15-02-2008,576.0,612.0,154,612.0,612.0,612.0
19-02-2008,594.0,612.0,279,612.0,612.0,612.0
20-02-2008,594.0,594.0,273,612.0,612.0,612.0
21-02-2008,594.0,612.0,407,630.0,594.0,594.0
22-02-2008,576.0,594.0,192,594.0,576.0,576.0
25-02-2008,540.0,576.0,750,594.0,576.0,576.0
26-02-2008,558.0,576.0,381,594.0,576.0,576.0
27-02-2008,576.0,576.0,147,576.0,576.0,576.0
28-02-2008,576.0,576.0,365,612.0,576.0,576.0
29-02-2008,558.0,576.0,521,594.0,594.0,594.0
03-03-2008,576.0,594.0,358,594.0,594.0,594.0
04-03-2008,594.0,630.0,2001,648.0,612.0,612.0
05-03-2008,594.0,612.0,524,612.0,612.0,612.0
06-03-2008,594.0,594.0,898,648.0,648.0,648.0
07-03-2008,630.0,648.0,795,666.0,648.0,648.0
10-03-2008,594.0,630.0,412,648.0,594.0,594.0
11-03-2008,576.0,612.0,302,612.0,594.0,594.0
12-03-2008,558.0,576.0,473,576.0,558.0,558.0
13-03-2008,576.0,576.0,232,594.0,576.0,576.0
14-03-2008,540.0,576.0,406,576.0,558.0,558.0
17-03-2008,486.0,540.0,780,558.0,522.0,522.0
18-03-2008,468.0,522.0,752,540.0,486.0,486.0
19-03-2008,468.0,486.0,449,504.0,486.0,486.0
20-03-2008,414.0,468.0,612,486.0,486.0,486.0
24-03-2008,432.0,468.0,205,486.0,450.0,450.0
25-03-2008,432.0,432.0,257,468.0,450.0,450.0
26-03-2008,378.0,432.0,1048,432.0,414.0,414.0
27-03-2008,396.0,414.0,776,414.0,396.0,396.0
28-03-2008,396.0,396.0,886,486.0,486.0,486.0
31-03-2008,486.0,486.0,349,504.0,504.0,504.0
01-04-2008,486.0,486.0,194,504.0,486.0,486.0
02-04-2008,450.0,486.0,310,486.0,450.0,450.0
03-04-2008,414.0,468.0,219,468.0,432.0,432.0
04-04-2008,432.0,432.0,359,468.0,450.0,450.0
07-04-2008,432.0,450.0,308,468.0,432.0,432.0
08-04-2008,414.0,450.0,396,450.0,450.0,450.0
09-04-2008,450.0,450.0,1453,504.0,450.0,450.0
10-04-2008,450.0,450.0,378,486.0,486.0,486.0
11-04-2008,468.0,486.0,397,486.0,486.0,486.0
14-04-2008,432.0,486.0,192,486.0,468.0,468.0
15-04-2008,432.0,468.0,678,468.0,450.0,450.0
16-04-2008,378.0,468.0,2482,468.0,396.0,396.0
17-04-2008,378.0,432.0,1660,432.0,414.0,414.0
18-04-2008,378.0,396.0,1977,432.0,414.0,414.0
21-04-2008,414.0,414.0,1456,432.0,414.0,414.0
22-04-2008,414.0,414.0,845,486.0,468.0,468.0
23-04-2008,432.0,468.0,1593,504.0,504.0,504.0
24-04-2008,486.0,486.0,1802,558.0,504.0,504.0
25-04-2008,504.0,522.0,220,522.0,504.0,504.0
28-04-2008,450.0,504.0,965,540.0,540.0,540.0
29-04-2008,522.0,540.0,1159,576.0,558.0,558.0
30-04-2008,486.0,522.0,777,558.0,504.0,504.0
01-05-2008,504.0,504.0,1108,576.0,540.0,540.0
02-05-2008,504.0,558.0,573,558.0,522.0,522.0
05-05-2008,504.0,522.0,231,540.0,522.0,522.0
06-05-2008,468.0,522.0,605,522.0,504.0,504.0
07-05-2008,486.0,504.0,546,522.0,504.0,504.0
08-05-2008,450.0,486.0,1141,504.0,504.0,504.0
09-05-2008,468.0,504.0,369,504.0,486.0,486.0
12-05-2008,468.0,486.0,237,504.0,486.0,486.0
13-05-2008,468.0,486.0,91,486.0,486.0,486.0
14-05-2008,468.0,468.0,467,504.0,486.0,486.0
15-05-2008,486.0,486.0,1087,504.0,504.0,504.0
16-05-2008,504.0,504.0,1329,522.0,522.0,522.0
19-05-2008,522.0,522.0,1194,558.0,558.0,558.0
20-05-2008,504.0,558.0,556,558.0,522.0,522.0
21-05-2008,504.0,522.0,615,558.0,522.0,522.0
22-05-2008,504.0,504.0,225,522.0,504.0,504.0
23-05-2008,504.0,522.0,303,540.0,522.0,522.0
27-05-2008,486.0,522.0,1020,540.0,504.0,504.0
28-05-2008,504.0,504.0,395,540.0,540.0,540.0
29-05-2008,504.0,540.0,209,540.0,522.0,522.0
30-05-2008,486.0,522.0,331,522.0,486.0,486.0
02-06-2008,504.0,504.0,1971,612.0,558.0,558.0
03-06-2008,540.0,576.0,671,576.0,558.0,558.0
04-06-2008,522.0,558.0,446,576.0,522.0,522.0
05-06-2008,504.0,576.0,235,576.0,522.0,522.0
06-06-2008,504.0,504.0,164,522.0,504.0,504.0
09-06-2008,486.0,522.0,225,522.0,504.0,504.0
10-06-2008,504.0,504.0,253,522.0,504.0,504.0
11-06-2008,504.0,522.0,134,522.0,504.0,504.0
12-06-2008,504.0,522.0,278,522.0,522.0,522.0
13-06-2008,504.0,504.0,303,522.0,522.0,522.0
16-06-2008,504.0,522.0,135,522.0,504.0,504.0
17-06-2008,468.0,504.0,432,504.0,504.0,504.0
18-06-2008,450.0,468.0,615,504.0,450.0,450.0
19-06-2008,450.0,486.0,96,486.0,468.0,468.0
20-06-2008,468.0,468.0,162,486.0,486.0,486.0
23-06-2008,450.0,504.0,267,504.0,450.0,450.0
24-06-2008,450.0,450.0,154,486.0,468.0,468.0
25-06-2008,468.0,504.0,168,504.0,486.0,486.0
26-06-2008,450.0,504.0,259,504.0,468.0,468.0
27-06-2008,432.0,468.0,457,468.0,450.0,450.0
30-06-2008,414.0,432.0,342,450.0,432.0,432.0
01-07-2008,414.0,432.0,256,450.0,432.0,432.0
02-07-2008,432.0,432.0,265,432.0,432.0,432.0
03-07-2008,414.0,432.0,149,450.0,432.0,432.0
07-07-2008,414.0,414.0,428,432.0,432.0,432.0
08-07-2008,414.0,432.0,540,450.0,414.0,414.0
09-07-2008,396.0,432.0,484,432.0,432.0,432.0
10-07-2008,414.0,414.0,122,432.0,432.0,432.0
11-07-2008,396.0,414.0,131,414.0,414.0,414.0
14-07-2008,414.0,450.0,152,450.0,450.0,450.0
15-07-2008,450.0,468.0,280,468.0,450.0,450.0
16-07-2008,432.0,450.0,86,450.0,450.0,450.0
17-07-2008,396.0,450.0,258,450.0,414.0,414.0
18-07-2008,396.0,414.0,430,432.0,432.0,432.0
21-07-2008,396.0,432.0,85,432.0,414.0,414.0
22-07-2008,414.0,414.0,76,432.0,432.0,432.0
23-07-2008,432.0,432.0,687,450.0,432.0,432.0
24-07-2008,414.0,432.0,217,432.0,414.0,414.0
25-07-2008,396.0,414.0,393,432.0,432.0,432.0
28-07-2008,414.0,450.0,202,450.0,432.0,432.0
29-07-2008,414.0,432.0,202,432.0,432.0,432.0
30-07-2008,414.0,432.0,926,432.0,432.0,432.0
31-07-2008,414.0,432.0,521,432.0,432.0,432.0
01-08-2008,432.0,432.0,2447,522.0,504.0,504.0
04-08-2008,432.0,522.0,2224,522.0,450.0,450.0
05-08-2008,378.0,450.0,1159,450.0,378.0,378.0
06-08-2008,378.0,396.0,291,414.0,396.0,396.0
07-08-2008,378.0,396.0,472,414.0,414.0,414.0
08-08-2008,396.0,396.0,187,414.0,396.0,396.0
11-08-2008,396.0,396.0,428,414.0,414.0,414.0
12-08-2008,396.0,414.0,268,414.0,396.0,396.0
13-08-2008,378.0,414.0,441,414.0,378.0,378.0
14-08-2008,378.0,396.0,123,414.0,396.0,396.0
15-08-2008,360.0,396.0,326,396.0,378.0,378.0
18-08-2008,378.0,378.0,86,378.0,378.0,378.0
19-08-2008,360.0,378.0,205,378.0,378.0,378.0
20-08-2008,360.0,378.0,514,414.0,414.0,414.0
21-08-2008,378.0,414.0,209,414.0,396.0,396.0
22-08-2008,378.0,396.0,226,396.0,378.0,378.0
25-08-2008,378.0,396.0,645,396.0,378.0,378.0
26-08-2008,378.0,378.0,274,396.0,378.0,378.0
27-08-2008,360.0,378.0,73,378.0,378.0,378.0
28-08-2008,342.0,378.0,399,378.0,378.0,378.0
29-08-2008,360.0,378.0,28,378.0,378.0,378.0
02-09-2008,360.0,378.0,231,378.0,360.0,360.0
03-09-2008,342.0,360.0,226,360.0,360.0,360.0
04-09-2008,324.0,342.0,259,360.0,342.0,342.0
05-09-2008,306.0,342.0,316,342.0,342.0,342.0
08-09-2008,288.0,342.0,505,342.0,306.0,306.0
09-09-2008,288.0,306.0,194,306.0,306.0,306.0
10-09-2008,270.0,288.0,516,288.0,288.0,288.0
11-09-2008,288.0,306.0,211,342.0,342.0,342.0
12-09-2008,324.0,342.0,267,342.0,342.0,342.0
15-09-2008,306.0,324.0,277,342.0,324.0,324.0
16-09-2008,270.0,324.0,285,324.0,306.0,306.0
17-09-2008,288.0,288.0,194,306.0,288.0,288.0
18-09-2008,288.0,288.0,387,288.0,288.0,288.0
19-09-2008,288.0,306.0,333,306.0,306.0,306.0
22-09-2008,288.0,306.0,193,306.0,306.0,306.0
23-09-2008,288.0,306.0,134,306.0,306.0,306.0
24-09-2008,288.0,306.0,119,306.0,306.0,306.0
25-09-2008,270.0,288.0,579,306.0,288.0,288.0
26-09-2008,252.0,288.0,1084,288.0,270.0,270.0
29-09-2008,252.0,270.0,746,288.0,270.0,270.0
30-09-2008,252.0,270.0,228,288.0,270.0,270.0
01-10-2008,288.0,288.0,635,324.0,306.0,306.0
02-10-2008,306.0,324.0,1095,324.0,306.0,306.0
03-10-2008,324.0,324.0,1856,396.0,378.0,378.0
06-10-2008,306.0,396.0,2735,450.0,324.0,324.0
07-10-2008,324.0,342.0,804,360.0,324.0,324.0
08-10-2008,288.0,324.0,455,324.0,306.0,306.0
09-10-2008,324.0,324.0,530,396.0,342.0,342.0
10-10-2008,270.0,306.0,533,324.0,306.0,306.0
13-10-2008,306.0,324.0,231,360.0,360.0,360.0
14-10-2008,360.0,414.0,562,414.0,414.0,414.0
15-10-2008,396.0,432.0,1384,450.0,432.0,432.0
16-10-2008,378.0,432.0,815,432.0,414.0,414.0
17-10-2008,378.0,414.0,354,414.0,396.0,396.0
20-10-2008,396.0,414.0,777,432.0,432.0,432.0
21-10-2008,414.0,432.0,327,432.0,432.0,432.0
22-10-2008,378.0,414.0,299,414.0,396.0,396.0
23-10-2008,342.0,378.0,280,396.0,342.0,342.0
24-10-2008,306.0,324.0,1051,324.0,324.0,324.0
27-10-2008,324.0,324.0,357,342.0,324.0,324.0
28-10-2008,306.0,324.0,265,324.0,324.0,324.0
29-10-2008,306.0,306.0,189,324.0,324.0,324.0
30-10-2008,324.0,324.0,281,360.0,360.0,360.0
31-10-2008,342.0,360.0,260,378.0,360.0,360.0
03-11-2008,342.0,342.0,130,396.0,396.0,396.0
04-11-2008,360.0,396.0,106,396.0,378.0,378.0
05-11-2008,360.0,378.0,73,378.0,360.0,360.0
06-11-2008,324.0,378.0,177,378.0,342.0,342.0
07-11-2008,324.0,360.0,85,360.0,342.0,342.0
10-11-2008,324.0,360.0,180,360.0,342.0,342.0
11-11-2008,324.0,360.0,194,360.0,360.0,360.0
12-11-2008,306.0,360.0,178,360.0,324.0,324.0
13-11-2008,306.0,306.0,219,324.0,324.0,324.0
14-11-2008,306.0,324.0,71,324.0,324.0,324.0
17-11-2008,288.0,306.0,471,324.0,288.0,288.0
18-11-2008,288.0,288.0,129,306.0,306.0,306.0
19-11-2008,288.0,306.0,225,306.0,288.0,288.0
20-11-2008,288.0,288.0,542,342.0,324.0,324.0
21-11-2008,270.0,324.0,196,324.0,288.0,288.0
24-11-2008,270.0,288.0,300,306.0,288.0,288.0
25-11-2008,288.0,288.0,97,288.0,288.0,288.0
26-11-2008,270.0,270.0,98,306.0,288.0,288.0
28-11-2008,288.0,324.0,47,324.0,288.0,288.0
01-12-2008,270.0,288.0,147,306.0,288.0,288.0
02-12-2008,270.0,288.0,185,306.0,270.0,270.0
03-12-2008,270.0,270.0,309,288.0,270.0,270.0
04-12-2008,270.0,288.0,962,324.0,288.0,288.0
05-12-2008,288.0,324.0,210,324.0,288.0,288.0
08-12-2008,270.0,288.0,617,288.0,270.0,270.0
09-12-2008,270.0,270.0,268,288.0,270.0,270.0
10-12-2008,270.0,288.0,176,288.0,270.0,270.0
11-12-2008,270.0,288.0,122,288.0,288.0,288.0
12-12-2008,270.0,288.0,495,288.0,288.0,288.0
15-12-2008,288.0,288.0,128,288.0,288.0,288.0
16-12-2008,270.0,288.0,241,288.0,288.0,288.0
17-12-2008,270.0,270.0,156,288.0,288.0,288.0
18-12-2008,270.0,288.0,108,288.0,288.0,288.0
19-12-2008,270.0,288.0,205,288.0,270.0,270.0
22-12-2008,270.0,270.0,220,288.0,270.0,270.0
23-12-2008,252.0,270.0,650,270.0,252.0,252.0
24-12-2008,252.0,252.0,96,252.0,252.0,252.0
26-12-2008,252.0,252.0,137,252.0,252.0,252.0
29-12-2008,252.0,252.0,135,252.0,252.0,252.0
30-12-2008,252.0,252.0,399,270.0,270.0,270.0
31-12-2008,234.0,270.0,213,270.0,252.0,252.0
02-01-2009,234.0,252.0,176,288.0,288.0,288.0
05-01-2009,252.0,288.0,78,288.0,270.0,270.0
06-01-2009,252.0,270.0,359,288.0,288.0,288.0
07-01-2009,252.0,270.0,56,288.0,270.0,270.0
08-01-2009,252.0,288.0,81,288.0,270.0,270.0
09-01-2009,270.0,270.0,39,270.0,270.0,270.0
12-01-2009,252.0,252.0,83,288.0,270.0,270.0
13-01-2009,252.0,252.0,146,270.0,270.0,270.0
14-01-2009,252.0,252.0,209,270.0,252.0,252.0
15-01-2009,252.0,252.0,237,252.0,252.0,252.0
16-01-2009,234.0,270.0,176,270.0,252.0,252.0
20-01-2009,252.0,252.0,370,288.0,270.0,270.0
21-01-2009,252.0,270.0,112,270.0,252.0,252.0
22-01-2009,252.0,270.0,854,288.0,288.0,288.0
23-01-2009,270.0,288.0,70,288.0,288.0,288.0
26-01-2009,270.0,270.0,69,288.0,270.0,270.0
27-01-2009,270.0,288.0,106,288.0,270.0,270.0
28-01-2009,252.0,270.0,208,270.0,270.0,270.0
29-01-2009,252.0,270.0,155,270.0,270.0,270.0
30-01-2009,270.0,270.0,79,288.0,270.0,270.0
02-02-2009,252.0,270.0,384,270.0,270.0,270.0
03-02-2009,324.0,324.0,3909,414.0,414.0,414.0
04-02-2009,378.0,432.0,2482,432.0,396.0,396.0
05-02-2009,396.0,396.0,626,414.0,414.0,414.0
06-02-2009,414.0,414.0,1972,504.0,486.0,486.0
09-02-2009,450.0,504.0,820,504.0,468.0,468.0
10-02-2009,432.0,486.0,332,486.0,450.0,450.0
11-02-2009,414.0,450.0,193,450.0,432.0,432.0
12-02-2009,414.0,414.0,156,450.0,450.0,450.0
13-02-2009,414.0,450.0,104,450.0,450.0,450.0
17-02-2009,414.0,450.0,274,450.0,432.0,432.0
18-02-2009,432.0,450.0,908,504.0,504.0,504.0
19-02-2009,486.0,558.0,466,576.0,486.0,486.0
20-02-2009,468.0,504.0,565,504.0,486.0,486.0
23-02-2009,432.0,486.0,440,486.0,432.0,432.0
24-02-2009,432.0,432.0,186,468.0,450.0,450.0
25-02-2009,414.0,450.0,479,486.0,432.0,432.0
26-02-2009,450.0,450.0,205,468.0,468.0,468.0
27-02-2009,450.0,468.0,96,468.0,450.0,450.0
02-03-2009,432.0,432.0,284,450.0,432.0,432.0
03-03-2009,450.0,450.0,636,486.0,468.0,468.0
04-03-2009,468.0,468.0,445,486.0,486.0,486.0
05-03-2009,468.0,486.0,497,486.0,486.0,486.0
06-03-2009,468.0,486.0,417,486.0,486.0,486.0
09-03-2009,468.0,486.0,355,486.0,468.0,468.0
10-03-2009,468.0,486.0,214,486.0,468.0,468.0
11-03-2009,450.0,486.0,377,486.0,468.0,468.0
12-03-2009,450.0,468.0,288,468.0,468.0,468.0
13-03-2009,450.0,468.0,425,468.0,468.0,468.0
16-03-2009,450.0,468.0,357,468.0,468.0,468.0
17-03-2009,450.0,468.0,283,468.0,468.0,468.0
18-03-2009,450.0,468.0,206,468.0,450.0,450.0
19-03-2009,396.0,450.0,495,450.0,432.0,432.0
20-03-2009,414.0,432.0,159,468.0,432.0,432.0
23-03-2009,414.0,414.0,179,468.0,450.0,450.0
24-03-2009,432.0,432.0,359,486.0,450.0,450.0
25-03-2009,450.0,486.0,266,486.0,450.0,450.0
26-03-2009,432.0,486.0,259,486.0,450.0,450.0
27-03-2009,414.0,450.0,220,450.0,432.0,432.0
30-03-2009,396.0,450.0,258,450.0,432.0,432.0
31-03-2009,396.0,432.0,84,432.0,414.0,414.0
01-04-2009,396.0,414.0,251,414.0,414.0,414.0
02-04-2009,396.0,432.0,555,432.0,414.0,414.0
03-04-2009,360.0,414.0,836,414.0,378.0,378.0
06-04-2009,342.0,378.0,552,378.0,342.0,342.0
07-04-2009,306.0,342.0,607,342.0,324.0,324.0
08-04-2009,324.0,324.0,182,360.0,342.0,342.0
09-04-2009,324.0,360.0,268,360.0,324.0,324.0
13-04-2009,324.0,360.0,257,360.0,342.0,342.0
14-04-2009,324.0,342.0,396,360.0,342.0,342.0
15-04-2009,324.0,360.0,109,360.0,342.0,342.0
16-04-2009,324.0,342.0,330,360.0,360.0,360.0
17-04-2009,342.0,360.0,202,360.0,342.0,342.0
20-04-2009,342.0,342.0,148,360.0,360.0,360.0
21-04-2009,342.0,378.0,209,378.0,360.0,360.0
22-04-2009,342.0,360.0,146,360.0,360.0,360.0
23-04-2009,342.0,360.0,170,360.0,360.0,360.0
24-04-2009,360.0,360.0,554,378.0,378.0,378.0
27-04-2009,378.0,378.0,155,432.0,396.0,396.0
28-04-2009,378.0,396.0,216,396.0,378.0,378.0
29-04-2009,360.0,378.0,290,396.0,378.0,378.0
30-04-2009,342.0,360.0,63,396.0,360.0,360.0
01-05-2009,360.0,360.0,98,378.0,360.0,360.0
04-05-2009,342.0,360.0,225,360.0,360.0,360.0
05-05-2009,342.0,360.0,137,360.0,360.0,360.0
06-05-2009,324.0,342.0,261,378.0,342.0,342.0
07-05-2009,324.0,324.0,448,360.0,360.0,360.0
08-05-2009,324.0,360.0,309,360.0,360.0,360.0
11-05-2009,360.0,360.0,224,360.0,360.0,360.0
12-05-2009,342.0,360.0,194,378.0,378.0,378.0
13-05-2009,342.0,360.0,225,414.0,378.0,378.0
14-05-2009,342.0,378.0,324,396.0,396.0,396.0
15-05-2009,396.0,414.0,417,450.0,414.0,414.0
18-05-2009,414.0,432.0,650,450.0,450.0,450.0
19-05-2009,396.0,450.0,314,450.0,396.0,396.0
20-05-2009,396.0,396.0,70,396.0,396.0,396.0
21-05-2009,378.0,396.0,93,414.0,414.0,414.0
22-05-2009,378.0,414.0,69,414.0,414.0,414.0
26-05-2009,396.0,396.0,121,432.0,396.0,396.0
27-05-2009,360.0,414.0,308,414.0,378.0,378.0
28-05-2009,360.0,378.0,213,396.0,360.0,360.0
29-05-2009,342.0,360.0,332,360.0,342.0,342.0
01-06-2009,342.0,342.0,221,378.0,360.0,360.0
02-06-2009,360.0,378.0,262,396.0,378.0,378.0
03-06-2009,360.0,378.0,247,378.0,360.0,360.0
04-06-2009,360.0,360.0,236,378.0,378.0,378.0
05-06-2009,360.0,360.0,112,378.0,360.0,360.0
08-06-2009,360.0,360.0,148,378.0,360.0,360.0
09-06-2009,360.0,360.0,154,378.0,378.0,378.0
10-06-2009,342.0,378.0,323,378.0,360.0,360.0
11-06-2009,342.0,342.0,232,360.0,360.0,360.0
12-06-2009,342.0,342.0,272,378.0,342.0,342.0
15-06-2009,342.0,342.0,105,378.0,342.0,342.0
16-06-2009,324.0,342.0,453,360.0,324.0,324.0
17-06-2009,324.0,324.0,405,342.0,342.0,342.0
18-06-2009,324.0,324.0,355,342.0,324.0,324.0
19-06-2009,324.0,324.0,83,342.0,342.0,342.0
22-06-2009,324.0,342.0,176,342.0,342.0,342.0
23-06-2009,324.0,324.0,70,342.0,324.0,324.0
24-06-2009,324.0,324.0,181,342.0,342.0,342.0
25-06-2009,324.0,342.0,187,360.0,342.0,342.0
26-06-2009,342.0,360.0,292,360.0,360.0,360.0
29-06-2009,360.0,378.0,359,396.0,396.0,396.0
30-06-2009,360.0,396.0,196,396.0,360.0,360.0
01-07-2009,342.0,360.0,244,378.0,378.0,378.0
02-07-2009,342.0,360.0,441,414.0,360.0,360.0
06-07-2009,342.0,342.0,229,360.0,342.0,342.0
07-07-2009,324.0,342.0,125,342.0,324.0,324.0
08-07-2009,324.0,324.0,139,360.0,342.0,342.0
09-07-2009,342.0,342.0,264,360.0,342.0,342.0
10-07-2009,342.0,342.0,86,342.0,342.0,342.0
13-07-2009,342.0,342.0,101,342.0,342.0,342.0
14-07-2009,324.0,342.0,173,342.0,342.0,342.0
15-07-2009,324.0,342.0,183,342.0,342.0,342.0
16-07-2009,324.0,342.0,145,360.0,360.0,360.0
17-07-2009,342.0,342.0,218,378.0,360.0,360.0
20-07-2009,378.0,378.0,1000,414.0,414.0,414.0
21-07-2009,360.0,378.0,328,414.0,396.0,396.0
22-07-2009,378.0,396.0,169,396.0,396.0,396.0
23-07-2009,378.0,378.0,837,432.0,414.0,414.0
24-07-2009,414.0,432.0,1206,504.0,486.0,486.0
27-07-2009,468.0,504.0,2302,558.0,468.0,468.0
28-07-2009,468.0,468.0,4248,612.0,594.0,594.0
29-07-2009,576.0,684.0,2777,684.0,612.0,612.0
30-07-2009,540.0,612.0,956,630.0,594.0,594.0
31-07-2009,468.0,576.0,2499,666.0,666.0,666.0
03-08-2009,594.0,684.0,1189,684.0,594.0,594.0
04-08-2009,576.0,576.0,835,630.0,630.0,630.0
05-08-2009,594.0,612.0,849,630.0,612.0,612.0
06-08-2009,558.0,630.0,402,630.0,594.0,594.0
07-08-2009,558.0,576.0,626,612.0,594.0,594.0
10-08-2009,504.0,594.0,852,594.0,540.0,540.0
11-08-2009,504.0,540.0,355,540.0,540.0,540.0
12-08-2009,486.0,486.0,178,540.0,540.0,540.0
13-08-2009,522.0,540.0,103,540.0,540.0,540.0
14-08-2009,522.0,540.0,282,540.0,540.0,540.0
17-08-2009,468.0,522.0,608,540.0,504.0,504.0
18-08-2009,468.0,486.0,325,504.0,468.0,468.0
19-08-2009,468.0,468.0,218,522.0,522.0,522.0
20-08-2009,486.0,522.0,118,522.0,504.0,504.0
21-08-2009,486.0,522.0,145,522.0,522.0,522.0
24-08-2009,522.0,540.0,218,540.0,540.0,540.0
25-08-2009,504.0,540.0,343,540.0,504.0,504.0
26-08-2009,486.0,540.0,965,576.0,558.0,558.0
27-08-2009,522.0,576.0,182,576.0,576.0,576.0
28-08-2009,522.0,558.0,166,576.0,540.0,540.0
31-08-2009,486.0,540.0,299,540.0,504.0,504.0
01-09-2009,468.0,504.0,412,522.0,504.0,504.0
02-09-2009,450.0,468.0,670,504.0,468.0,468.0
03-09-2009,450.0,486.0,646,522.0,468.0,468.0
04-09-2009,450.0,468.0,331,468.0,450.0,450.0
08-09-2009,468.0,468.0,279,486.0,486.0,486.0
09-09-2009,450.0,486.0,291,504.0,486.0,486.0
10-09-2009,468.0,504.0,45,504.0,468.0,468.0
11-09-2009,468.0,468.0,211,504.0,486.0,486.0
14-09-2009,468.0,468.0,176,504.0,468.0,468.0
15-09-2009,432.0,486.0,595,486.0,450.0,450.0
16-09-2009,414.0,432.0,595,450.0,432.0,432.0
17-09-2009,414.0,432.0,185,486.0,468.0,468.0
18-09-2009,396.0,468.0,542,486.0,432.0,432.0
21-09-2009,414.0,450.0,421,486.0,468.0,468.0
22-09-2009,468.0,486.0,328,504.0,486.0,486.0
23-09-2009,486.0,486.0,278,504.0,504.0,504.0
24-09-2009,486.0,504.0,325,540.0,486.0,486.0
25-09-2009,450.0,486.0,737,504.0,468.0,468.0
28-09-2009,450.0,504.0,12,522.0,468.0,468.0
29-09-2009,330.0,330.0,428,660.0,495.0,495.0
30-09-2009,468.0,495.0,650,594.0,483.0,483.0
01-10-2009,495.0,495.0,368,558.0,516.0,516.0
02-10-2009,495.6000061035156,516.0,438,564.0,546.0,546.0
05-10-2009,546.0,570.0,808,585.0,570.0,570.0
06-10-2009,570.0,582.0,4272,666.0,651.0,651.0
07-10-2009,666.0,669.0,3598,780.0,723.0,723.0
08-10-2009,669.5999755859375,747.5999755859375,2152,747.5999755859375,696.0,696.0
09-10-2009,646.2000122070312,720.0,1733,744.0,646.2000122070312,646.2000122070312
12-10-2009,654.0,654.0,663,714.0,685.2000122070312,685.2000122070312
13-10-2009,606.5999755859375,706.2000122070312,1195,706.2000122070312,649.7999877929688,649.7999877929688
14-10-2009,573.0,624.0,1728,624.0,585.0,585.0
15-10-2009,570.5999755859375,570.5999755859375,800,600.0,573.0,573.0
16-10-2009,576.5999755859375,599.4000244140625,1645,630.0,576.5999755859375,576.5999755859375
19-10-2009,529.7999877929688,598.7999877929688,1260,598.7999877929688,542.4000244140625,542.4000244140625
20-10-2009,493.79998779296875,540.0,1173,555.0,493.79998779296875,493.79998779296875
21-10-2009,483.0,483.0,792,508.79998779296875,498.0,498.0
22-10-2009,498.0,501.0,532,539.4000244140625,525.0,525.0
23-10-2009,513.5999755859375,550.7999877929688,318,554.4000244140625,522.0,522.0
26-10-2009,493.20001220703125,516.0,652,537.0,494.3999938964844,494.3999938964844
27-10-2009,438.0,486.0,1435,487.79998779296875,444.0,444.0
28-10-2009,427.79998779296875,443.3999938964844,890,450.0,430.20001220703125,430.20001220703125
29-10-2009,420.0,420.0,557,485.3999938964844,444.0,444.0
30-10-2009,435.0,441.0,710,471.0,444.0,444.0
02-11-2009,422.3999938964844,440.3999938964844,968,440.3999938964844,432.0,432.0
03-11-2009,435.0,435.0,287,456.0,444.0,444.0
04-11-2009,444.6000061035156,448.20001220703125,838,474.0,447.0,447.0
05-11-2009,432.0,447.0,900,462.0,432.0,432.0
06-11-2009,405.0,432.6000061035156,938,433.20001220703125,421.20001220703125,421.20001220703125
09-11-2009,400.20001220703125,418.20001220703125,518,418.20001220703125,407.3999938964844,407.3999938964844
10-11-2009,396.0,397.20001220703125,298,420.0,407.3999938964844,407.3999938964844
11-11-2009,402.0,406.79998779296875,235,416.3999938964844,408.0,408.0
12-11-2009,360.0,414.6000061035156,1335,414.6000061035156,375.0,375.0
13-11-2009,372.0,378.0,338,393.0,374.3999938964844,374.3999938964844
16-11-2009,345.0,368.3999938964844,787,368.3999938964844,355.20001220703125,355.20001220703125
17-11-2009,312.0,348.6000061035156,1110,349.79998779296875,318.0,318.0
18-11-2009,300.6000061035156,312.6000061035156,597,318.0,301.79998779296875,301.79998779296875
19-11-2009,300.6000061035156,300.6000061035156,700,327.0,327.0,327.0
20-11-2009,324.0,330.0,645,342.6000061035156,342.6000061035156,342.6000061035156
23-11-2009,343.79998779296875,345.0,935,373.79998779296875,373.79998779296875,373.79998779296875
24-11-2009,374.3999938964844,374.3999938964844,2162,472.20001220703125,436.79998779296875,436.79998779296875
25-11-2009,390.0,420.6000061035156,1258,431.3999938964844,419.3999938964844,419.3999938964844
27-11-2009,393.6000061035156,415.20001220703125,253,415.20001220703125,406.20001220703125,406.20001220703125
30-11-2009,391.20001220703125,402.6000061035156,217,402.6000061035156,396.0,396.0
01-12-2009,375.6000061035156,396.0,367,405.6000061035156,390.0,390.0
02-12-2009,363.6000061035156,387.0,127,387.0,363.6000061035156,363.6000061035156
03-12-2009,348.0,360.6000061035156,373,362.3999938964844,354.0,354.0
04-12-2009,354.0,354.0,457,372.0,366.0,366.0
07-12-2009,360.0,360.0,178,371.3999938964844,369.0,369.0
08-12-2009,363.0,363.0,282,371.3999938964844,363.6000061035156,363.6000061035156
09-12-2009,345.0,363.6000061035156,247,365.3999938964844,345.0,345.0
10-12-2009,345.0,348.0,425,354.6000061035156,347.3999938964844,347.3999938964844
11-12-2009,339.0,347.3999938964844,265,354.0,350.3999938964844,350.3999938964844
14-12-2009,348.6000061035156,351.0,375,361.20001220703125,352.20001220703125,352.20001220703125
15-12-2009,342.0,348.6000061035156,192,371.3999938964844,366.0,366.0
16-12-2009,348.0,360.6000061035156,483,367.20001220703125,360.0,360.0
17-12-2009,360.0,360.0,582,414.0,397.20001220703125,397.20001220703125
18-12-2009,396.6000061035156,396.6000061035156,535,420.0,402.0,402.0
21-12-2009,398.3999938964844,414.0,210,414.0,400.79998779296875,400.79998779296875
22-12-2009,361.20001220703125,402.0,205,402.0,390.0,390.0
23-12-2009,361.20001220703125,394.20001220703125,372,394.20001220703125,361.20001220703125,361.20001220703125
24-12-2009,354.6000061035156,363.0,395,381.0,360.0,360.0
28-12-2009,354.0,360.0,683,369.0,357.6000061035156,357.6000061035156
29-12-2009,348.6000061035156,354.6000061035156,268,373.79998779296875,373.79998779296875,373.79998779296875
30-12-2009,356.3999938964844,364.79998779296875,233,366.0,357.0,357.0
31-12-2009,357.0,363.6000061035156,490,372.0,359.3999938964844,359.3999938964844
04-01-2010,376.79998779296875,379.79998779296875,723,390.0,390.0,390.0
05-01-2010,398.3999938964844,398.3999938964844,945,429.0,426.0,426.0
06-01-2010,426.0,429.0,1287,471.6000061035156,468.0,468.0
07-01-2010,438.6000061035156,477.0,883,480.0,443.3999938964844,443.3999938964844
08-01-2010,444.0,447.0,863,475.20001220703125,450.6000061035156,450.6000061035156
11-01-2010,450.0,478.79998779296875,470,478.79998779296875,450.0,450.0
12-01-2010,454.79998779296875,472.79998779296875,467,472.79998779296875,461.3999938964844,461.3999938964844
13-01-2010,461.3999938964844,468.0,713,468.6000061035156,466.79998779296875,466.79998779296875
14-01-2010,450.6000061035156,466.79998779296875,298,466.79998779296875,453.6000061035156,453.6000061035156
15-01-2010,447.0,453.0,420,455.3999938964844,451.20001220703125,451.20001220703125
19-01-2010,435.0,450.0,775,459.0,443.3999938964844,443.3999938964844
20-01-2010,420.6000061035156,447.0,500,447.0,423.6000061035156,423.6000061035156
21-01-2010,414.6000061035156,432.0,590,432.6000061035156,414.6000061035156,414.6000061035156
22-01-2010,372.0,420.0,873,423.0,386.3999938964844,386.3999938964844
25-01-2010,387.0,396.0,413,405.6000061035156,387.0,387.0
26-01-2010,361.20001220703125,385.79998779296875,548,385.79998779296875,371.3999938964844,371.3999938964844
27-01-2010,360.0,372.0,297,378.0,367.20001220703125,367.20001220703125
28-01-2010,386.3999938964844,399.0,1117,431.3999938964844,427.20001220703125,427.20001220703125
29-01-2010,427.79998779296875,432.0,2493,483.0,478.79998779296875,478.79998779296875
01-02-2010,448.79998779296875,492.0,1360,498.0,453.6000061035156,453.6000061035156
02-02-2010,444.0,444.0,820,495.6000061035156,467.3999938964844,467.3999938964844
03-02-2010,465.0,465.0,358,484.79998779296875,474.0,474.0
04-02-2010,432.0,472.79998779296875,1158,472.79998779296875,441.6000061035156,441.6000061035156
05-02-2010,427.20001220703125,453.0,478,453.0,427.20001220703125,427.20001220703125
08-02-2010,421.79998779296875,435.0,595,466.20001220703125,421.79998779296875,421.79998779296875
09-02-2010,390.0,421.79998779296875,832,424.20001220703125,396.0,396.0
10-02-2010,390.6000061035156,402.0,270,403.20001220703125,397.79998779296875,397.79998779296875
11-02-2010,391.20001220703125,406.20001220703125,193,413.3999938964844,405.6000061035156,405.6000061035156
12-02-2010,390.6000061035156,390.6000061035156,895,466.20001220703125,466.20001220703125,466.20001220703125
16-02-2010,420.0,471.0,845,475.20001220703125,463.20001220703125,463.20001220703125
17-02-2010,443.3999938964844,466.79998779296875,865,473.3999938964844,459.0,459.0
18-02-2010,445.79998779296875,468.0,632,469.79998779296875,445.79998779296875,445.79998779296875
19-02-2010,423.0,436.79998779296875,958,450.0,425.3999938964844,425.3999938964844
22-02-2010,430.79998779296875,432.0,590,441.6000061035156,439.79998779296875,439.79998779296875
23-02-2010,439.79998779296875,448.20001220703125,1605,480.0,480.0,480.0
24-02-2010,465.0,480.0,792,480.0,472.79998779296875,472.79998779296875
25-02-2010,462.6000061035156,477.0,455,480.0,465.0,465.0
26-02-2010,450.0,462.0,357,470.3999938964844,468.0,468.0
01-03-2010,456.0,468.0,620,472.79998779296875,459.0,459.0
02-03-2010,450.0,453.0,303,458.3999938964844,451.20001220703125,451.20001220703125
03-03-2010,453.0,459.0,625,474.0,461.3999938964844,461.3999938964844
04-03-2010,462.6000061035156,477.0,2018,528.0,511.20001220703125,511.20001220703125
05-03-2010,511.20001220703125,516.0,973,537.0,532.7999877929688,532.7999877929688
08-03-2010,519.5999755859375,537.0,847,537.5999755859375,526.7999877929688,526.7999877929688
09-03-2010,506.3999938964844,526.7999877929688,507,528.0,507.0,507.0
10-03-2010,507.0,507.0,648,540.0,523.2000122070312,523.2000122070312
11-03-2010,507.0,533.4000244140625,1073,533.4000244140625,507.6000061035156,507.6000061035156
12-03-2010,514.2000122070312,528.5999755859375,413,528.5999755859375,525.0,525.0
15-03-2010,517.2000122070312,540.0,680,540.0,534.0,534.0
16-03-2010,510.0,534.0,888,540.0,513.0,513.0
17-03-2010,513.0,529.2000122070312,362,529.7999877929688,529.7999877929688,529.7999877929688
18-03-2010,510.0,540.0,210,540.0,519.0,519.0
19-03-2010,486.0,505.79998779296875,820,516.0,505.79998779296875,505.79998779296875
22-03-2010,492.0,497.3999938964844,132,520.2000122070312,511.20001220703125,511.20001220703125
23-03-2010,486.6000061035156,510.0,253,525.0,504.6000061035156,504.6000061035156
24-03-2010,486.6000061035156,504.6000061035156,133,504.6000061035156,490.79998779296875,490.79998779296875
25-03-2010,484.79998779296875,486.0,670,511.20001220703125,495.0,495.0
26-03-2010,474.6000061035156,498.0,633,501.0,482.3999938964844,482.3999938964844
29-03-2010,469.79998779296875,480.0,225,487.20001220703125,473.3999938964844,473.3999938964844
30-03-2010,453.0,473.3999938964844,580,473.3999938964844,470.3999938964844,470.3999938964844
31-03-2010,468.0,470.3999938964844,367,510.0,489.0,489.0
01-04-2010,492.0,492.0,72,496.79998779296875,492.0,492.0
05-04-2010,483.0,483.0,363,505.20001220703125,486.0,486.0
06-04-2010,465.0,486.0,292,486.0,484.20001220703125,484.20001220703125
07-04-2010,472.20001220703125,477.6000061035156,83,480.0,472.20001220703125,472.20001220703125
08-04-2010,457.79998779296875,465.6000061035156,210,472.20001220703125,467.3999938964844,467.3999938964844
09-04-2010,421.20001220703125,468.6000061035156,1582,485.3999938964844,437.3999938964844,437.3999938964844
12-04-2010,396.0,426.6000061035156,2133,442.79998779296875,400.20001220703125,400.20001220703125
13-04-2010,396.0,400.79998779296875,1452,429.0,396.6000061035156,396.6000061035156
14-04-2010,399.0,399.0,598,419.3999938964844,406.20001220703125,406.20001220703125
15-04-2010,402.0,406.20001220703125,848,433.79998779296875,413.3999938964844,413.3999938964844
16-04-2010,408.0,408.6000061035156,290,418.79998779296875,415.20001220703125,415.20001220703125
19-04-2010,391.79998779296875,411.6000061035156,678,414.0,395.3999938964844,395.3999938964844
20-04-2010,378.0,396.0,1492,405.6000061035156,402.0,402.0
21-04-2010,384.0,398.3999938964844,522,398.3999938964844,389.3999938964844,389.3999938964844
22-04-2010,381.6000061035156,387.0,360,390.0,387.0,387.0
23-04-2010,366.6000061035156,382.79998779296875,978,401.3999938964844,373.79998779296875,373.79998779296875
26-04-2010,363.0,369.6000061035156,557,373.79998779296875,367.79998779296875,367.79998779296875
27-04-2010,366.6000061035156,366.6000061035156,458,399.0,391.79998779296875,391.79998779296875
28-04-2010,390.0,391.79998779296875,413,402.6000061035156,396.0,396.0
29-04-2010,393.0,431.3999938964844,1508,443.3999938964844,423.6000061035156,423.6000061035156
30-04-2010,387.0,426.0,1167,435.0,423.0,423.0
03-05-2010,402.0,423.6000061035156,388,434.3999938964844,417.6000061035156,417.6000061035156
04-05-2010,381.0,408.6000061035156,652,408.6000061035156,382.20001220703125,382.20001220703125
05-05-2010,363.0,375.0,798,375.6000061035156,369.0,369.0
06-05-2010,369.0,376.79998779296875,237,390.0,369.0,369.0
07-05-2010,366.6000061035156,366.6000061035156,385,382.20001220703125,378.0,378.0
10-05-2010,384.0,453.6000061035156,805,453.6000061035156,412.20001220703125,412.20001220703125
11-05-2010,390.0,412.20001220703125,413,419.3999938964844,413.3999938964844,413.3999938964844
12-05-2010,402.0,405.6000061035156,365,416.3999938964844,414.6000061035156,414.6000061035156
13-05-2010,387.6000061035156,406.20001220703125,293,411.0,387.6000061035156,387.6000061035156
14-05-2010,373.79998779296875,387.6000061035156,295,389.3999938964844,378.6000061035156,378.6000061035156
17-05-2010,372.0,392.3999938964844,735,392.3999938964844,372.0,372.0
18-05-2010,372.0,372.0,520,386.3999938964844,372.6000061035156,372.6000061035156
19-05-2010,336.0,369.0,963,369.6000061035156,345.0,345.0
20-05-2010,330.0,348.0,1143,349.79998779296875,333.0,333.0
21-05-2010,324.6000061035156,333.0,723,349.79998779296875,340.20001220703125,340.20001220703125
24-05-2010,338.3999938964844,340.79998779296875,295,347.3999938964844,343.20001220703125,343.20001220703125
25-05-2010,322.79998779296875,336.6000061035156,302,336.6000061035156,327.0,327.0
26-05-2010,324.0,327.0,175,335.3999938964844,327.0,327.0
27-05-2010,327.6000061035156,327.6000061035156,433,373.20001220703125,369.6000061035156,369.6000061035156
28-05-2010,358.79998779296875,372.6000061035156,417,372.6000061035156,371.3999938964844,371.3999938964844
01-06-2010,360.0,371.3999938964844,160,371.3999938964844,369.0,369.0
02-06-2010,354.0,365.3999938964844,347,369.0,357.0,357.0
03-06-2010,336.6000061035156,352.79998779296875,175,357.0,355.20001220703125,355.20001220703125
04-06-2010,349.79998779296875,353.3999938964844,293,368.3999938964844,366.0,366.0
07-06-2010,349.79998779296875,360.0,148,363.6000061035156,358.79998779296875,358.79998779296875
08-06-2010,337.79998779296875,358.20001220703125,175,359.3999938964844,339.6000061035156,339.6000061035156
09-06-2010,327.0,330.0,128,343.79998779296875,330.0,330.0
10-06-2010,330.0,339.0,68,339.0,335.3999938964844,335.3999938964844
11-06-2010,315.6000061035156,330.0,280,336.0,324.6000061035156,324.6000061035156
14-06-2010,325.79998779296875,327.0,192,333.6000061035156,330.0,330.0
15-06-2010,323.3999938964844,323.3999938964844,677,354.0,333.6000061035156,333.6000061035156
16-06-2010,320.3999938964844,327.0,205,335.3999938964844,328.20001220703125,328.20001220703125
17-06-2010,325.20001220703125,325.79998779296875,233,354.6000061035156,351.6000061035156,351.6000061035156
18-06-2010,336.6000061035156,351.6000061035156,242,357.0,357.0,357.0
21-06-2010,348.0,359.3999938964844,213,359.3999938964844,350.3999938964844,350.3999938964844
22-06-2010,336.6000061035156,355.20001220703125,132,355.20001220703125,354.6000061035156,354.6000061035156
23-06-2010,354.6000061035156,355.79998779296875,27080,569.4000244140625,569.4000244140625,569.4000244140625
24-06-2010,478.79998779296875,642.0,49812,669.0,481.20001220703125,481.20001220703125
25-06-2010,447.6000061035156,471.0,17072,497.3999938964844,467.3999938964844,467.3999938964844
28-06-2010,454.79998779296875,471.6000061035156,16240,512.4000244140625,457.79998779296875,457.79998779296875
29-06-2010,424.20001220703125,447.0,6145,480.0,480.0,480.0
30-06-2010,480.0,488.3999938964844,8618,524.4000244140625,492.0,492.0
01-07-2010,456.0,487.79998779296875,3030,487.79998779296875,459.6000061035156,459.6000061035156
02-07-2010,441.0,456.0,1055,462.0,445.20001220703125,445.20001220703125
06-07-2010,406.79998779296875,442.20001220703125,3185,448.79998779296875,421.20001220703125,421.20001220703125
07-07-2010,421.79998779296875,426.0,2805,454.79998779296875,440.3999938964844,440.3999938964844
08-07-2010,430.20001220703125,448.20001220703125,1468,452.3999938964844,430.79998779296875,430.79998779296875
09-07-2010,420.6000061035156,421.79998779296875,1588,436.20001220703125,432.0,432.0
12-07-2010,423.0,424.79998779296875,905,444.6000061035156,429.0,429.0
13-07-2010,424.20001220703125,429.0,4803,484.79998779296875,482.3999938964844,482.3999938964844
14-07-2010,453.0,480.0,2128,484.79998779296875,466.79998779296875,466.79998779296875
15-07-2010,456.6000061035156,475.20001220703125,2322,510.0,508.79998779296875,508.79998779296875
16-07-2010,476.3999938964844,519.5999755859375,1105,520.7999877929688,481.79998779296875,481.79998779296875
19-07-2010,465.0,492.0,732,498.6000061035156,470.3999938964844,470.3999938964844
20-07-2010,462.0,465.0,752,480.0,478.20001220703125,478.20001220703125
21-07-2010,474.0,480.0,842,498.0,495.0,495.0
22-07-2010,453.0,456.6000061035156,1988,477.0,459.0,459.0
23-07-2010,381.0,423.0,11755,426.0,390.0,390.0
26-07-2010,373.20001220703125,390.0,3855,394.20001220703125,376.20001220703125,376.20001220703125
27-07-2010,366.0,373.20001220703125,1787,387.6000061035156,371.3999938964844,371.3999938964844
28-07-2010,371.3999938964844,379.20001220703125,872,382.79998779296875,375.6000061035156,375.6000061035156
29-07-2010,363.0,380.3999938964844,1737,380.3999938964844,373.79998779296875,373.79998779296875
30-07-2010,363.6000061035156,374.3999938964844,2077,377.3999938964844,372.0,372.0
02-08-2010,343.79998779296875,360.0,3035,371.3999938964844,357.6000061035156,357.6000061035156
03-08-2010,354.6000061035156,360.0,1112,364.20001220703125,360.0,360.0
04-08-2010,345.0,358.79998779296875,2368,358.79998779296875,352.79998779296875,352.79998779296875
05-08-2010,336.0,351.0,1320,351.0,336.6000061035156,336.6000061035156
06-08-2010,336.0,339.0,1887,358.20001220703125,352.20001220703125,352.20001220703125
09-08-2010,343.79998779296875,358.20001220703125,1392,368.3999938964844,357.6000061035156,357.6000061035156
10-08-2010,337.20001220703125,355.20001220703125,1030,355.20001220703125,345.6000061035156,345.6000061035156
11-08-2010,333.6000061035156,348.0,942,352.79998779296875,334.20001220703125,334.20001220703125
12-08-2010,334.20001220703125,335.3999938964844,528,342.6000061035156,342.6000061035156,342.6000061035156
13-08-2010,336.6000061035156,345.6000061035156,817,347.3999938964844,337.79998779296875,337.79998779296875
16-08-2010,330.0,337.79998779296875,1890,340.20001220703125,330.0,330.0
17-08-2010,336.0,336.0,1850,347.3999938964844,340.20001220703125,340.20001220703125
18-08-2010,336.0,345.6000061035156,1382,345.6000061035156,336.0,336.0
19-08-2010,318.6000061035156,336.0,1622,337.20001220703125,318.6000061035156,318.6000061035156
20-08-2010,324.0,324.0,877,334.20001220703125,334.20001220703125,334.20001220703125
23-08-2010,319.20001220703125,338.3999938964844,925,338.3999938964844,325.20001220703125,325.20001220703125
24-08-2010,324.0,324.0,560,329.3999938964844,324.0,324.0
25-08-2010,320.3999938964844,321.0,407,327.0,322.20001220703125,322.20001220703125
26-08-2010,322.79998779296875,322.79998779296875,462,329.3999938964844,328.79998779296875,328.79998779296875
27-08-2010,331.20001220703125,333.6000061035156,327,338.3999938964844,337.79998779296875,337.79998779296875
30-08-2010,331.79998779296875,343.20001220703125,470,346.79998779296875,334.79998779296875,334.79998779296875
31-08-2010,332.3999938964844,336.0,862,342.0,339.6000061035156,339.6000061035156
01-09-2010,336.0,342.6000061035156,447,343.79998779296875,337.79998779296875,337.79998779296875
02-09-2010,333.0,337.79998779296875,463,339.6000061035156,336.0,336.0
03-09-2010,336.6000061035156,340.20001220703125,1322,361.20001220703125,359.3999938964844,359.3999938964844
07-09-2010,358.79998779296875,360.0,1682,381.0,367.79998779296875,367.79998779296875
08-09-2010,354.0,369.0,518,369.0,366.6000061035156,366.6000061035156
09-09-2010,351.6000061035156,367.79998779296875,322,367.79998779296875,360.0,360.0
10-09-2010,343.20001220703125,360.0,520,360.0,348.6000061035156,348.6000061035156
13-09-2010,342.0,349.20001220703125,475,358.20001220703125,352.20001220703125,352.20001220703125
14-09-2010,351.0,354.6000061035156,542,360.0,360.0,360.0
15-09-2010,353.3999938964844,356.3999938964844,565,361.20001220703125,360.0,360.0
16-09-2010,348.6000061035156,357.0,758,362.3999938964844,361.79998779296875,361.79998779296875
17-09-2010,348.0,360.0,530,366.0,364.79998779296875,364.79998779296875
20-09-2010,352.20001220703125,368.3999938964844,192,368.3999938964844,356.3999938964844,356.3999938964844
21-09-2010,349.20001220703125,354.0,192,359.3999938964844,352.79998779296875,352.79998779296875
22-09-2010,346.20001220703125,351.0,358,354.0,346.79998779296875,346.79998779296875
23-09-2010,336.0,345.6000061035156,548,345.6000061035156,340.79998779296875,340.79998779296875
24-09-2010,336.0,338.3999938964844,777,345.0,345.0,345.0
27-09-2010,339.6000061035156,343.20001220703125,397,360.0,360.0,360.0
28-09-2010,346.79998779296875,359.3999938964844,698,364.79998779296875,364.79998779296875,364.79998779296875
29-09-2010,355.20001220703125,361.79998779296875,212,366.0,359.3999938964844,359.3999938964844
30-09-2010,345.6000061035156,359.3999938964844,177,359.3999938964844,354.0,354.0
01-10-2010,339.6000061035156,350.3999938964844,363,354.0,349.20001220703125,349.20001220703125
04-10-2010,330.6000061035156,345.0,3212,373.79998779296875,360.0,360.0
05-10-2010,348.6000061035156,366.0,773,367.20001220703125,355.79998779296875,355.79998779296875
06-10-2010,349.79998779296875,355.79998779296875,752,358.79998779296875,352.20001220703125,352.20001220703125
07-10-2010,345.6000061035156,349.20001220703125,348,358.79998779296875,350.3999938964844,350.3999938964844
08-10-2010,330.0,349.20001220703125,735,350.3999938964844,340.79998779296875,340.79998779296875
11-10-2010,336.0,337.20001220703125,797,340.79998779296875,336.0,336.0
12-10-2010,330.6000061035156,331.20001220703125,415,335.3999938964844,330.6000061035156,330.6000061035156
13-10-2010,333.0,333.0,585,345.0,342.6000061035156,342.6000061035156
14-10-2010,334.79998779296875,343.79998779296875,282,343.79998779296875,335.3999938964844,335.3999938964844
15-10-2010,331.20001220703125,334.79998779296875,415,336.0,331.79998779296875,331.79998779296875
18-10-2010,321.0,330.0,1303,334.79998779296875,324.0,324.0
19-10-2010,312.0,322.20001220703125,1210,327.0,316.20001220703125,316.20001220703125
20-10-2010,304.79998779296875,313.20001220703125,1138,315.0,311.3999938964844,311.3999938964844
21-10-2010,306.0,312.0,312,318.0,309.0,309.0
22-10-2010,306.0,309.0,448,318.0,313.79998779296875,313.79998779296875
25-10-2010,309.0,322.20001220703125,850,332.3999938964844,324.6000061035156,324.6000061035156
26-10-2010,315.6000061035156,328.20001220703125,3318,360.6000061035156,346.20001220703125,346.20001220703125
27-10-2010,336.0,352.20001220703125,1310,352.20001220703125,346.20001220703125,346.20001220703125
28-10-2010,337.20001220703125,371.3999938964844,2110,372.0,347.3999938964844,347.3999938964844
29-10-2010,331.79998779296875,348.0,592,348.0,333.0,333.0
01-11-2010,324.6000061035156,333.0,555,333.0,329.3999938964844,329.3999938964844
02-11-2010,322.79998779296875,330.6000061035156,337,330.6000061035156,322.79998779296875,322.79998779296875
03-11-2010,318.6000061035156,318.6000061035156,345,335.3999938964844,335.3999938964844,335.3999938964844
04-11-2010,330.0,337.79998779296875,915,346.79998779296875,335.3999938964844,335.3999938964844
05-11-2010,330.0,335.3999938964844,450,337.79998779296875,335.3999938964844,335.3999938964844
08-11-2010,318.0,334.79998779296875,1357,334.79998779296875,332.3999938964844,332.3999938964844
09-11-2010,323.3999938964844,332.3999938964844,865,338.3999938964844,336.0,336.0
10-11-2010,327.0,336.0,563,339.0,336.6000061035156,336.6000061035156
11-11-2010,324.6000061035156,336.0,658,337.20001220703125,328.79998779296875,328.79998779296875
12-11-2010,318.0,325.79998779296875,533,332.3999938964844,330.0,330.0
15-11-2010,324.6000061035156,330.0,360,334.79998779296875,332.3999938964844,332.3999938964844
16-11-2010,321.0,330.0,273,332.3999938964844,332.3999938964844,332.3999938964844
17-11-2010,319.20001220703125,328.20001220703125,582,332.3999938964844,330.0,330.0
18-11-2010,318.6000061035156,331.79998779296875,598,331.79998779296875,319.20001220703125,319.20001220703125
19-11-2010,310.20001220703125,318.6000061035156,1195,318.6000061035156,310.20001220703125,310.20001220703125
22-11-2010,303.6000061035156,312.0,1220,312.0,303.6000061035156,303.6000061035156
23-11-2010,300.0,306.6000061035156,750,306.6000061035156,300.6000061035156,300.6000061035156
24-11-2010,300.0,300.0,960,309.0,307.79998779296875,307.79998779296875
26-11-2010,309.0,310.20001220703125,180,315.6000061035156,315.6000061035156,315.6000061035156
29-11-2010,309.0,312.0,515,312.6000061035156,310.20001220703125,310.20001220703125
30-11-2010,309.0,309.0,462,313.79998779296875,310.20001220703125,310.20001220703125
01-12-2010,310.20001220703125,312.6000061035156,285,312.6000061035156,310.20001220703125,310.20001220703125
02-12-2010,313.79998779296875,315.6000061035156,2795,344.3999938964844,328.20001220703125,328.20001220703125
03-12-2010,309.0,327.6000061035156,1155,327.6000061035156,314.3999938964844,314.3999938964844
06-12-2010,312.0,312.0,798,321.6000061035156,315.0,315.0
07-12-2010,310.20001220703125,316.79998779296875,3440,351.0,337.20001220703125,337.20001220703125
08-12-2010,325.79998779296875,338.3999938964844,848,345.0,335.3999938964844,335.3999938964844
09-12-2010,324.6000061035156,334.79998779296875,587,335.3999938964844,325.20001220703125,325.20001220703125
10-12-2010,312.0,324.0,1053,324.0,318.0,318.0
13-12-2010,314.3999938964844,324.0,453,324.0,318.6000061035156,318.6000061035156
14-12-2010,309.0,317.3999938964844,628,317.3999938964844,312.0,312.0
15-12-2010,306.0,310.79998779296875,1030,313.79998779296875,307.79998779296875,307.79998779296875
16-12-2010,306.0,306.6000061035156,248,311.3999938964844,309.6000061035156,309.6000061035156
17-12-2010,302.3999938964844,308.3999938964844,672,309.6000061035156,302.3999938964844,302.3999938964844
20-12-2010,303.6000061035156,333.0,802,333.0,312.6000061035156,312.6000061035156
21-12-2010,307.20001220703125,312.6000061035156,1453,319.79998779296875,318.0,318.0
22-12-2010,312.6000061035156,319.79998779296875,585,319.79998779296875,315.6000061035156,315.6000061035156
23-12-2010,301.20001220703125,315.6000061035156,1378,316.79998779296875,301.79998779296875,301.79998779296875
27-12-2010,301.20001220703125,303.0,677,314.3999938964844,313.20001220703125,313.20001220703125
28-12-2010,300.0,342.6000061035156,3055,342.6000061035156,310.20001220703125,310.20001220703125
29-12-2010,306.0,309.6000061035156,843,313.79998779296875,312.0,312.0
30-12-2010,307.20001220703125,309.0,1798,322.20001220703125,322.20001220703125,322.20001220703125
31-12-2010,312.0,319.79998779296875,1077,327.6000061035156,321.6000061035156,321.6000061035156
03-01-2011,324.0,326.3999938964844,892,334.20001220703125,333.6000061035156,333.6000061035156
04-01-2011,303.0,331.79998779296875,1952,333.6000061035156,311.3999938964844,311.3999938964844
05-01-2011,315.0,315.0,572,320.3999938964844,316.20001220703125,316.20001220703125
06-01-2011,306.0,316.79998779296875,985,322.20001220703125,319.79998779296875,319.79998779296875
07-01-2011,315.0,318.0,398,322.79998779296875,321.6000061035156,321.6000061035156
10-01-2011,321.0,321.6000061035156,2362,345.0,339.6000061035156,339.6000061035156
11-01-2011,334.20001220703125,340.79998779296875,2640,348.0,340.20001220703125,340.20001220703125
12-01-2011,340.20001220703125,344.3999938964844,5283,373.79998779296875,368.3999938964844,368.3999938964844
13-01-2011,367.20001220703125,372.0,2110,390.0,385.79998779296875,385.79998779296875
14-01-2011,345.6000061035156,367.79998779296875,3780,387.0,361.20001220703125,361.20001220703125
18-01-2011,349.79998779296875,360.0,1042,373.20001220703125,371.3999938964844,371.3999938964844
19-01-2011,349.79998779296875,372.6000061035156,1028,373.20001220703125,351.0,351.0
20-01-2011,342.0,351.0,3023,372.0,363.6000061035156,363.6000061035156
21-01-2011,353.3999938964844,363.6000061035156,542,367.20001220703125,355.79998779296875,355.79998779296875
24-01-2011,319.79998779296875,355.79998779296875,3370,357.0,331.20001220703125,331.20001220703125
25-01-2011,327.0,330.0,1440,350.3999938964844,340.79998779296875,340.79998779296875
26-01-2011,343.79998779296875,343.79998779296875,945,366.6000061035156,359.3999938964844,359.3999938964844
27-01-2011,342.0,357.0,925,357.0,352.79998779296875,352.79998779296875
28-01-2011,341.3999938964844,352.79998779296875,608,352.79998779296875,345.6000061035156,345.6000061035156
31-01-2011,331.20001220703125,339.6000061035156,733,342.0,338.3999938964844,338.3999938964844
01-02-2011,325.79998779296875,342.0,1370,354.0,354.0,354.0
02-02-2011,345.6000061035156,354.0,2088,370.79998779296875,360.6000061035156,360.6000061035156
03-02-2011,349.79998779296875,360.6000061035156,665,364.79998779296875,358.20001220703125,358.20001220703125
04-02-2011,352.20001220703125,356.3999938964844,757,360.0,357.0,357.0
07-02-2011,355.20001220703125,366.6000061035156,753,367.20001220703125,358.20001220703125,358.20001220703125
08-02-2011,342.0,362.3999938964844,1045,362.3999938964844,346.20001220703125,346.20001220703125
09-02-2011,331.20001220703125,343.20001220703125,1050,352.79998779296875,349.20001220703125,349.20001220703125
10-02-2011,339.0,354.0,562,354.0,349.20001220703125,349.20001220703125
11-02-2011,321.0,346.20001220703125,1033,346.20001220703125,344.3999938964844,344.3999938964844
14-02-2011,340.20001220703125,344.3999938964844,712,358.20001220703125,358.20001220703125,358.20001220703125
15-02-2011,351.6000061035156,359.3999938964844,603,360.0,360.0,360.0
16-02-2011,351.0,360.0,318,360.0,355.79998779296875,355.79998779296875
17-02-2011,339.0,355.79998779296875,755,355.79998779296875,349.79998779296875,349.79998779296875
18-02-2011,349.79998779296875,349.79998779296875,1312,366.0,363.6000061035156,363.6000061035156
22-02-2011,330.0,357.0,1897,357.0,335.3999938964844,335.3999938964844
23-02-2011,321.0,334.20001220703125,965,334.20001220703125,324.6000061035156,324.6000061035156
24-02-2011,322.20001220703125,335.3999938964844,390,335.3999938964844,334.20001220703125,334.20001220703125
25-02-2011,330.6000061035156,333.0,528,340.20001220703125,332.3999938964844,332.3999938964844
28-02-2011,318.0,336.0,975,336.0,320.3999938964844,320.3999938964844
01-03-2011,317.3999938964844,318.6000061035156,572,321.6000061035156,319.79998779296875,319.79998779296875
02-03-2011,318.0,318.6000061035156,882,330.0,322.79998779296875,322.79998779296875
03-03-2011,325.79998779296875,325.79998779296875,982,347.3999938964844,334.20001220703125,334.20001220703125
04-03-2011,331.20001220703125,338.3999938964844,415,343.79998779296875,333.6000061035156,333.6000061035156
07-03-2011,341.3999938964844,343.79998779296875,1795,357.0,346.79998779296875,346.79998779296875
08-03-2011,349.20001220703125,352.20001220703125,1430,360.6000061035156,360.6000061035156,360.6000061035156
09-03-2011,348.6000061035156,363.0,1015,366.0,348.6000061035156,348.6000061035156
10-03-2011,336.0,346.79998779296875,1067,348.0,342.0,342.0
11-03-2011,336.0,342.0,880,346.20001220703125,346.20001220703125,346.20001220703125
14-03-2011,341.3999938964844,354.0,18810,424.79998779296875,366.6000061035156,366.6000061035156
15-03-2011,347.3999938964844,379.79998779296875,22935,433.20001220703125,405.6000061035156,405.6000061035156
16-03-2011,366.6000061035156,409.20001220703125,6605,420.0,367.79998779296875,367.79998779296875
17-03-2011,339.0,367.20001220703125,5778,367.20001220703125,345.6000061035156,345.6000061035156
18-03-2011,328.20001220703125,349.20001220703125,2443,349.20001220703125,331.79998779296875,331.79998779296875
21-03-2011,342.0,348.0,4943,382.79998779296875,369.6000061035156,369.6000061035156
22-03-2011,361.79998779296875,378.6000061035156,3270,390.0,363.6000061035156,363.6000061035156
23-03-2011,346.20001220703125,364.79998779296875,2862,366.0,355.79998779296875,355.79998779296875
24-03-2011,345.0,352.79998779296875,1112,352.79998779296875,346.20001220703125,346.20001220703125
25-03-2011,339.0,345.0,1553,349.79998779296875,343.79998779296875,343.79998779296875
28-03-2011,327.6000061035156,343.20001220703125,2655,346.79998779296875,332.3999938964844,332.3999938964844
29-03-2011,326.3999938964844,327.6000061035156,1538,336.6000061035156,334.20001220703125,334.20001220703125
30-03-2011,325.20001220703125,336.0,783,337.20001220703125,328.20001220703125,328.20001220703125
31-03-2011,327.6000061035156,330.0,1347,346.20001220703125,346.20001220703125,346.20001220703125
01-04-2011,339.0,348.0,798,348.0,344.3999938964844,344.3999938964844
04-04-2011,334.79998779296875,343.20001220703125,867,348.0,339.0,339.0
05-04-2011,332.3999938964844,343.79998779296875,650,343.79998779296875,334.79998779296875,334.79998779296875
06-04-2011,324.6000061035156,334.20001220703125,902,339.6000061035156,334.20001220703125,334.20001220703125
07-04-2011,324.0,336.0,940,336.0,325.20001220703125,325.20001220703125
08-04-2011,324.6000061035156,325.79998779296875,712,329.3999938964844,325.20001220703125,325.20001220703125
11-04-2011,318.0,324.6000061035156,1477,330.6000061035156,327.0,327.0
12-04-2011,320.3999938964844,324.6000061035156,757,327.0,324.6000061035156,324.6000061035156
13-04-2011,320.3999938964844,324.0,480,325.20001220703125,324.6000061035156,324.6000061035156
14-04-2011,321.0,321.6000061035156,328,329.3999938964844,325.20001220703125,325.20001220703125
15-04-2011,318.0,324.6000061035156,748,325.79998779296875,322.20001220703125,322.20001220703125
18-04-2011,315.0,318.0,682,328.20001220703125,315.6000061035156,315.6000061035156
19-04-2011,307.20001220703125,315.0,1455,317.3999938964844,307.20001220703125,307.20001220703125
20-04-2011,303.0,310.20001220703125,903,313.79998779296875,307.79998779296875,307.79998779296875
21-04-2011,306.0,307.20001220703125,550,313.79998779296875,313.79998779296875,313.79998779296875
25-04-2011,301.79998779296875,315.0,813,315.0,307.20001220703125,307.20001220703125
26-04-2011,303.0,306.6000061035156,792,321.0,319.20001220703125,319.20001220703125
27-04-2011,317.3999938964844,321.0,1255,328.79998779296875,318.0,318.0
28-04-2011,306.0,315.0,968,315.0,307.20001220703125,307.20001220703125
29-04-2011,300.0,306.0,1533,313.20001220703125,301.79998779296875,301.79998779296875
02-05-2011,300.0,312.0,780,312.0,303.6000061035156,303.6000061035156
03-05-2011,300.0,301.79998779296875,682,305.3999938964844,301.20001220703125,301.20001220703125
04-05-2011,300.0,300.0,1300,301.20001220703125,300.6000061035156,300.6000061035156
05-05-2011,273.0,300.0,2385,300.0,276.0,276.0
06-05-2011,267.0,273.6000061035156,1383,283.79998779296875,268.20001220703125,268.20001220703125
09-05-2011,264.0,267.6000061035156,1122,286.20001220703125,282.0,282.0
10-05-2011,281.3999938964844,281.3999938964844,1142,294.6000061035156,291.0,291.0
11-05-2011,273.0,295.79998779296875,1227,295.79998779296875,278.3999938964844,278.3999938964844
12-05-2011,264.0,279.0,745,280.20001220703125,269.3999938964844,269.3999938964844
13-05-2011,256.79998779296875,270.0,455,272.3999938964844,260.3999938964844,260.3999938964844
16-05-2011,221.39999389648438,258.6000061035156,2067,258.6000061035156,240.0,240.0
17-05-2011,223.1999969482422,240.0,1642,244.1999969482422,231.0,231.0
18-05-2011,223.1999969482422,230.39999389648438,1013,230.39999389648438,227.39999389648438,227.39999389648438
19-05-2011,225.60000610351562,227.39999389648438,797,237.0,234.0,234.0
20-05-2011,234.0,234.60000610351562,385,240.0,238.8000030517578,238.8000030517578
23-05-2011,234.60000610351562,237.0,997,249.60000610351562,247.8000030517578,247.8000030517578
24-05-2011,234.60000610351562,250.8000030517578,933,250.8000030517578,235.8000030517578,235.8000030517578
25-05-2011,225.0,236.39999389648438,1383,238.8000030517578,235.8000030517578,235.8000030517578
26-05-2011,225.0,234.0,650,239.39999389648438,237.0,237.0
27-05-2011,226.8000030517578,241.8000030517578,557,241.8000030517578,228.0,228.0
31-05-2011,234.0,234.0,2265,253.8000030517578,253.8000030517578,253.8000030517578
01-06-2011,249.60000610351562,258.0,2847,282.6000061035156,268.79998779296875,268.79998779296875
02-06-2011,266.3999938964844,268.20001220703125,657,279.0,276.0,276.0
03-06-2011,270.6000061035156,276.0,1113,291.0,282.0,282.0
06-06-2011,249.0,279.0,1468,279.0,250.1999969482422,250.1999969482422
07-06-2011,234.0,253.1999969482422,815,253.1999969482422,234.0,234.0
08-06-2011,221.39999389648438,234.0,1398,234.0,231.60000610351562,231.60000610351562
09-06-2011,211.8000030517578,231.60000610351562,1277,237.60000610351562,226.8000030517578,226.8000030517578
10-06-2011,214.1999969482422,219.0,987,226.8000030517578,225.60000610351562,225.60000610351562
13-06-2011,223.8000030517578,227.39999389648438,732,232.1999969482422,225.60000610351562,225.60000610351562
14-06-2011,222.60000610351562,226.1999969482422,2165,233.39999389648438,225.60000610351562,225.60000610351562
15-06-2011,213.0,221.39999389648438,758,222.0,219.0,219.0
16-06-2011,213.0,217.1999969482422,533,219.60000610351562,217.1999969482422,217.1999969482422
17-06-2011,217.8000030517578,217.8000030517578,790,229.8000030517578,229.8000030517578,229.8000030517578
20-06-2011,220.1999969482422,228.0,378,231.0,220.1999969482422,220.1999969482422
21-06-2011,219.60000610351562,220.1999969482422,258,225.60000610351562,223.1999969482422,223.1999969482422
22-06-2011,216.0,221.39999389648438,537,222.0,217.1999969482422,217.1999969482422
23-06-2011,213.0,214.1999969482422,327,217.1999969482422,215.39999389648438,215.39999389648438
24-06-2011,217.1999969482422,219.60000610351562,320,221.39999389648438,220.8000030517578,220.8000030517578
27-06-2011,221.39999389648438,222.60000610351562,827,240.0,234.60000610351562,234.60000610351562
28-06-2011,222.60000610351562,235.8000030517578,457,235.8000030517578,224.39999389648438,224.39999389648438
29-06-2011,216.0,228.60000610351562,528,228.60000610351562,226.1999969482422,226.1999969482422
30-06-2011,213.0,225.60000610351562,483,225.60000610351562,215.39999389648438,215.39999389648438
01-07-2011,205.1999969482422,214.1999969482422,1627,220.8000030517578,219.0,219.0
05-07-2011,210.60000610351562,219.0,415,219.0,214.8000030517578,214.8000030517578
06-07-2011,211.8000030517578,214.1999969482422,245,217.8000030517578,213.0,213.0
07-07-2011,214.1999969482422,217.1999969482422,272,222.0,219.60000610351562,219.60000610351562
08-07-2011,204.0,218.39999389648438,565,218.39999389648438,204.0,204.0
11-07-2011,197.39999389648438,204.0,373,204.0,199.1999969482422,199.1999969482422
12-07-2011,179.39999389648438,195.0,1258,199.8000030517578,185.39999389648438,185.39999389648438
13-07-2011,180.0,185.39999389648438,755,196.8000030517578,184.8000030517578,184.8000030517578
14-07-2011,174.60000610351562,187.1999969482422,1193,187.1999969482422,174.60000610351562,174.60000610351562
15-07-2011,151.8000030517578,161.39999389648438,2317,172.8000030517578,167.39999389648438,167.39999389648438
18-07-2011,150.60000610351562,164.39999389648438,2330,164.39999389648438,156.0,156.0
19-07-2011,152.39999389648438,152.39999389648438,788,160.8000030517578,156.0,156.0
20-07-2011,157.1999969482422,157.1999969482422,505,171.0,165.0,165.0
21-07-2011,162.60000610351562,165.60000610351562,318,167.39999389648438,165.0,165.0
22-07-2011,154.8000030517578,165.0,792,169.1999969482422,169.1999969482422,169.1999969482422
25-07-2011,165.0,168.60000610351562,270,170.39999389648438,167.39999389648438,167.39999389648438
26-07-2011,155.39999389648438,160.1999969482422,1008,168.60000610351562,164.39999389648438,164.39999389648438
27-07-2011,163.1999969482422,163.1999969482422,1017,168.60000610351562,163.8000030517578,163.8000030517578
28-07-2011,162.0,162.0,393,168.60000610351562,162.60000610351562,162.60000610351562
29-07-2011,159.60000610351562,162.0,703,166.8000030517578,165.0,165.0
01-08-2011,151.8000030517578,166.1999969482422,443,166.8000030517578,153.60000610351562,153.60000610351562
02-08-2011,153.0,153.0,567,157.8000030517578,156.0,156.0
03-08-2011,156.0,156.0,848,167.39999389648438,165.60000610351562,165.60000610351562
04-08-2011,156.0,165.60000610351562,797,165.60000610351562,157.8000030517578,157.8000030517578
05-08-2011,153.0,153.60000610351562,1065,157.8000030517578,153.0,153.0
08-08-2011,109.19999694824219,150.60000610351562,3392,152.39999389648438,111.5999984741211,111.5999984741211
09-08-2011,103.19999694824219,116.4000015258789,1642,139.8000030517578,138.60000610351562,138.60000610351562
10-08-2011,126.0,144.0,677,146.39999389648438,133.8000030517578,133.8000030517578
11-08-2011,119.4000015258789,131.39999389648438,687,131.39999389648438,122.4000015258789,122.4000015258789
12-08-2011,122.4000015258789,123.0,957,147.60000610351562,141.60000610351562,141.60000610351562
15-08-2011,145.1999969482422,145.1999969482422,840,169.8000030517578,167.39999389648438,167.39999389648438
16-08-2011,158.39999389648438,165.60000610351562,518,172.1999969482422,169.1999969482422,169.1999969482422
17-08-2011,165.0,168.0,125,168.0,165.0,165.0
18-08-2011,148.1999969482422,159.0,163,162.0,153.60000610351562,153.60000610351562
19-08-2011,150.60000610351562,150.60000610351562,127,157.8000030517578,153.0,153.0
22-08-2011,126.0,157.1999969482422,938,157.1999969482422,126.5999984741211,126.5999984741211
23-08-2011,127.19999694824219,127.19999694824219,1402,171.0,144.0,144.0
24-08-2011,154.8000030517578,154.8000030517578,2272,174.0,168.60000610351562,168.60000610351562
25-08-2011,171.60000610351562,171.60000610351562,1595,190.8000030517578,184.8000030517578,184.8000030517578
26-08-2011,168.60000610351562,186.60000610351562,1708,199.8000030517578,184.8000030517578,184.8000030517578
29-08-2011,160.8000030517578,184.1999969482422,692,184.1999969482422,162.0,162.0
30-08-2011,164.39999389648438,164.39999389648438,633,185.39999389648438,168.60000610351562,168.60000610351562
31-08-2011,151.1999969482422,168.0,343,171.0,153.0,153.0
01-09-2011,153.0,154.8000030517578,427,157.8000030517578,153.0,153.0
02-09-2011,144.60000610351562,153.60000610351562,872,153.60000610351562,150.0,150.0
06-09-2011,136.8000030517578,148.1999969482422,812,148.1999969482422,142.1999969482422,142.1999969482422
07-09-2011,142.8000030517578,144.0,498,157.1999969482422,147.0,147.0
08-09-2011,141.0,147.60000610351562,438,148.1999969482422,145.8000030517578,145.8000030517578
09-09-2011,135.0,148.1999969482422,762,148.8000030517578,142.1999969482422,142.1999969482422
12-09-2011,140.39999389648438,140.39999389648438,4900,217.1999969482422,190.1999969482422,190.1999969482422
13-09-2011,171.60000610351562,202.8000030517578,1483,204.60000610351562,184.8000030517578,184.8000030517578
14-09-2011,187.1999969482422,187.8000030517578,2320,219.0,209.39999389648438,209.39999389648438
15-09-2011,187.1999969482422,216.60000610351562,1537,218.39999389648438,192.60000610351562,192.60000610351562
16-09-2011,177.0,196.1999969482422,1267,196.1999969482422,187.1999969482422,187.1999969482422
19-09-2011,167.39999389648438,181.1999969482422,675,187.1999969482422,171.0,171.0
20-09-2011,166.1999969482422,171.0,873,178.8000030517578,171.60000610351562,171.60000610351562
21-09-2011,165.60000610351562,171.0,292,173.39999389648438,166.8000030517578,166.8000030517578
22-09-2011,150.60000610351562,156.0,707,158.39999389648438,155.39999389648438,155.39999389648438
23-09-2011,151.1999969482422,157.1999969482422,380,162.0,154.8000030517578,154.8000030517578
26-09-2011,150.0,154.1999969482422,245,154.8000030517578,151.1999969482422,151.1999969482422
27-09-2011,152.39999389648438,152.39999389648438,407,165.60000610351562,162.0,162.0
28-09-2011,153.0,165.60000610351562,215,165.60000610351562,153.0,153.0
29-09-2011,150.0,157.8000030517578,192,160.8000030517578,150.0,150.0
30-09-2011,150.0,151.1999969482422,125,155.39999389648438,154.1999969482422,154.1999969482422
03-10-2011,126.5999984741211,154.8000030517578,1032,154.8000030517578,127.80000305175781,127.80000305175781
04-10-2011,117.5999984741211,126.0,647,130.8000030517578,124.80000305175781,124.80000305175781
05-10-2011,120.5999984741211,120.5999984741211,698,142.1999969482422,136.1999969482422,136.1999969482422
06-10-2011,135.60000610351562,138.0,533,144.0,137.39999389648438,137.39999389648438
07-10-2011,139.1999969482422,139.1999969482422,1308,167.39999389648438,166.1999969482422,166.1999969482422
10-10-2011,150.0,169.1999969482422,1008,171.0,150.0,150.0
11-10-2011,150.0,153.0,240,156.0,156.0,156.0
12-10-2011,155.39999389648438,156.60000610351562,487,163.8000030517578,156.60000610351562,156.60000610351562
13-10-2011,139.1999969482422,156.60000610351562,360,157.8000030517578,150.0,150.0
14-10-2011,147.0,150.0,423,160.1999969482422,152.39999389648438,152.39999389648438
17-10-2011,146.39999389648438,155.39999389648438,465,155.39999389648438,155.39999389648438,155.39999389648438
18-10-2011,151.1999969482422,151.8000030517578,367,156.0,153.0,153.0
19-10-2011,147.60000610351562,152.39999389648438,448,156.0,150.0,150.0
20-10-2011,142.1999969482422,145.1999969482422,148,148.8000030517578,144.60000610351562,144.60000610351562
21-10-2011,137.39999389648438,140.39999389648438,530,146.39999389648438,141.60000610351562,141.60000610351562
24-10-2011,135.0,145.8000030517578,670,145.8000030517578,135.0,135.0
25-10-2011,132.0,135.60000610351562,903,141.0,132.0,132.0
26-10-2011,156.0,156.0,2227,172.8000030517578,170.39999389648438,170.39999389648438
27-10-2011,166.1999969482422,172.8000030517578,1052,178.8000030517578,171.60000610351562,171.60000610351562
28-10-2011,160.1999969482422,165.60000610351562,615,167.39999389648438,165.0,165.0
31-10-2011,146.39999389648438,165.0,652,165.0,150.0,150.0
01-11-2011,145.8000030517578,149.39999389648438,455,154.8000030517578,151.8000030517578,151.8000030517578
02-11-2011,151.1999969482422,151.1999969482422,780,167.39999389648438,160.1999969482422,160.1999969482422
03-11-2011,157.8000030517578,159.0,497,162.60000610351562,160.8000030517578,160.8000030517578
04-11-2011,150.0,158.39999389648438,275,158.39999389648438,153.0,153.0
07-11-2011,147.0,150.0,150,153.0,150.60000610351562,150.60000610351562
08-11-2011,144.0,148.1999969482422,367,156.60000610351562,148.8000030517578,148.8000030517578
09-11-2011,145.1999969482422,149.39999389648438,273,154.8000030517578,153.0,153.0
10-11-2011,146.39999389648438,153.60000610351562,352,159.60000610351562,156.0,156.0
11-11-2011,157.8000030517578,160.8000030517578,637,167.39999389648438,166.8000030517578,166.8000030517578
14-11-2011,163.1999969482422,166.8000030517578,817,175.1999969482422,175.1999969482422,175.1999969482422
15-11-2011,168.0,177.0,878,182.39999389648438,180.60000610351562,180.60000610351562
16-11-2011,177.60000610351562,178.1999969482422,570,190.8000030517578,184.1999969482422,184.1999969482422
17-11-2011,180.60000610351562,183.60000610351562,773,193.1999969482422,190.8000030517578,190.8000030517578
18-11-2011,183.60000610351562,194.39999389648438,318,194.39999389648438,187.8000030517578,187.8000030517578
21-11-2011,172.8000030517578,189.0,307,192.0,175.8000030517578,175.8000030517578
22-11-2011,168.60000610351562,172.1999969482422,317,180.0,179.39999389648438,179.39999389648438
23-11-2011,165.0,174.60000610351562,202,177.60000610351562,165.0,165.0
25-11-2011,159.0,167.39999389648438,375,178.1999969482422,160.8000030517578,160.8000030517578
28-11-2011,153.0,178.1999969482422,627,178.1999969482422,156.60000610351562,156.60000610351562
29-11-2011,153.60000610351562,158.39999389648438,523,160.8000030517578,154.1999969482422,154.1999969482422
30-11-2011,157.1999969482422,163.8000030517578,327,166.8000030517578,165.60000610351562,165.60000610351562
01-12-2011,159.60000610351562,162.0,112,167.39999389648438,163.1999969482422,163.1999969482422
02-12-2011,163.1999969482422,163.8000030517578,178,167.39999389648438,163.1999969482422,163.1999969482422
05-12-2011,157.8000030517578,163.8000030517578,723,164.39999389648438,160.8000030517578,160.8000030517578
06-12-2011,150.0,162.0,547,164.39999389648438,153.0,153.0
07-12-2011,138.0,153.0,1293,158.39999389648438,138.60000610351562,138.60000610351562
08-12-2011,138.0,138.0,335,148.8000030517578,141.0,141.0
09-12-2011,144.0,144.0,272,154.8000030517578,150.0,150.0
12-12-2011,138.0,147.0,507,150.0,147.60000610351562,147.60000610351562
13-12-2011,138.0,139.8000030517578,242,145.8000030517578,145.8000030517578,145.8000030517578
14-12-2011,138.0,147.60000610351562,282,147.60000610351562,141.60000610351562,141.60000610351562
15-12-2011,138.0,138.60000610351562,233,144.0,139.1999969482422,139.1999969482422
16-12-2011,125.4000015258789,140.39999389648438,1538,147.60000610351562,125.4000015258789,125.4000015258789
19-12-2011,123.5999984741211,126.0,797,134.39999389648438,127.19999694824219,127.19999694824219
20-12-2011,126.0,129.0,747,132.0,129.60000610351562,129.60000610351562
21-12-2011,128.39999389648438,128.39999389648438,782,139.1999969482422,135.0,135.0
22-12-2011,126.5999984741211,134.39999389648438,577,136.1999969482422,131.39999389648438,131.39999389648438
23-12-2011,126.0,127.80000305175781,690,131.39999389648438,129.0,129.0
27-12-2011,121.19999694824219,126.5999984741211,863,133.8000030517578,121.19999694824219,121.19999694824219
28-12-2011,123.5999984741211,126.0,1270,129.0,123.5999984741211,123.5999984741211
29-12-2011,123.0,123.0,1797,128.39999389648438,123.0,123.0
30-12-2011,115.19999694824219,123.0,1607,126.0,122.4000015258789,122.4000015258789
03-01-2012,121.80000305175781,121.80000305175781,345,133.8000030517578,129.0,129.0
04-01-2012,127.19999694824219,134.39999389648438,425,141.60000610351562,131.39999389648438,131.39999389648438
05-01-2012,127.19999694824219,135.0,308,138.0,136.1999969482422,136.1999969482422
06-01-2012,124.19999694824219,137.39999389648438,328,137.39999389648438,126.0,126.0
09-01-2012,121.19999694824219,130.1999969482422,507,136.8000030517578,126.0,126.0
10-01-2012,124.80000305175781,126.0,188,129.0,127.19999694824219,127.19999694824219
11-01-2012,122.4000015258789,129.0,693,133.1999969482422,123.0,123.0
12-01-2012,117.0,120.5999984741211,933,125.4000015258789,119.4000015258789,119.4000015258789
13-01-2012,120.0,120.0,573,127.19999694824219,126.5999984741211,126.5999984741211
17-01-2012,118.80000305175781,132.0,987,132.0,118.80000305175781,118.80000305175781
18-01-2012,118.80000305175781,118.80000305175781,515,129.0,124.80000305175781,124.80000305175781
19-01-2012,121.80000305175781,127.80000305175781,312,129.0,127.80000305175781,127.80000305175781
20-01-2012,124.19999694824219,129.0,915,132.0,129.0,129.0
23-01-2012,123.5999984741211,129.0,1185,133.8000030517578,129.0,129.0
24-01-2012,124.19999694824219,130.1999969482422,570,130.1999969482422,124.19999694824219,124.19999694824219
25-01-2012,119.4000015258789,125.4000015258789,890,126.5999984741211,120.0,120.0
26-01-2012,122.4000015258789,124.80000305175781,208,131.39999389648438,126.5999984741211,126.5999984741211
27-01-2012,123.0,123.0,383,130.8000030517578,126.5999984741211,126.5999984741211
30-01-2012,120.5999984741211,123.0,588,132.0,132.0,132.0
31-01-2012,124.80000305175781,132.0,830,132.0,126.0,126.0
01-02-2012,129.0,129.0,780,136.8000030517578,135.60000610351562,135.60000610351562
02-02-2012,133.1999969482422,133.1999969482422,903,144.0,142.8000030517578,142.8000030517578
03-02-2012,141.0,144.60000610351562,1617,153.60000610351562,147.60000610351562,147.60000610351562
06-02-2012,144.60000610351562,147.60000610351562,532,150.0,150.0,150.0
07-02-2012,149.39999389648438,151.1999969482422,6185,228.0,201.0,201.0
08-02-2012,181.8000030517578,210.0,2830,210.0,192.0,192.0
09-02-2012,174.60000610351562,196.1999969482422,1590,196.1999969482422,192.0,192.0
10-02-2012,180.0,195.0,2940,217.8000030517578,199.8000030517578,199.8000030517578
13-02-2012,199.8000030517578,204.60000610351562,1582,225.0,216.60000610351562,216.60000610351562
14-02-2012,222.0,238.8000030517578,3002,250.8000030517578,230.39999389648438,230.39999389648438
15-02-2012,222.0,235.1999969482422,1405,236.39999389648438,224.39999389648438,224.39999389648438
16-02-2012,210.0,222.0,1425,224.39999389648438,214.8000030517578,214.8000030517578
17-02-2012,191.39999389648438,212.39999389648438,1283,216.60000610351562,216.60000610351562,216.60000610351562
21-02-2012,215.39999389648438,216.60000610351562,1600,244.1999969482422,221.39999389648438,221.39999389648438
22-02-2012,210.0,235.8000030517578,1335,235.8000030517578,210.0,210.0
23-02-2012,200.39999389648438,204.0,492,211.1999969482422,208.1999969482422,208.1999969482422
24-02-2012,186.0,205.1999969482422,1175,207.60000610351562,188.39999389648438,188.39999389648438
27-02-2012,174.0,190.8000030517578,2225,190.8000030517578,176.39999389648438,176.39999389648438
28-02-2012,176.39999389648438,180.60000610351562,437,185.39999389648438,180.0,180.0
29-02-2012,174.0,178.8000030517578,253,180.60000610351562,175.8000030517578,175.8000030517578
01-03-2012,175.8000030517578,179.39999389648438,222,180.60000610351562,177.0,177.0
02-03-2012,168.0,178.8000030517578,593,178.8000030517578,170.39999389648438,170.39999389648438
05-03-2012,169.8000030517578,170.39999389648438,305,178.8000030517578,170.39999389648438,170.39999389648438
06-03-2012,168.0,168.0,573,175.8000030517578,168.60000610351562,168.60000610351562
07-03-2012,170.39999389648438,171.0,188,175.1999969482422,170.39999389648438,170.39999389648438
08-03-2012,168.60000610351562,173.39999389648438,715,179.39999389648438,175.8000030517578,175.8000030517578
09-03-2012,167.39999389648438,173.39999389648438,445,177.0,172.8000030517578,172.8000030517578
12-03-2012,173.39999389648438,177.0,628,189.60000610351562,187.1999969482422,187.1999969482422
13-03-2012,186.0,192.0,948,201.0,195.60000610351562,195.60000610351562
14-03-2012,182.39999389648438,195.60000610351562,298,195.60000610351562,192.0,192.0
15-03-2012,189.60000610351562,193.1999969482422,358,198.60000610351562,195.60000610351562,195.60000610351562
16-03-2012,195.60000610351562,195.60000610351562,320,202.8000030517578,202.8000030517578,202.8000030517578
19-03-2012,196.8000030517578,204.0,143,204.0,198.0,198.0
20-03-2012,183.60000610351562,197.39999389648438,417,197.39999389648438,192.0,192.0
21-03-2012,187.1999969482422,194.39999389648438,167,195.0,192.60000610351562,192.60000610351562
22-03-2012,184.8000030517578,193.8000030517578,298,195.0,191.39999389648438,191.39999389648438
23-03-2012,186.0,187.8000030517578,487,201.60000610351562,195.0,195.0
26-03-2012,186.0,195.0,410,198.0,192.60000610351562,192.60000610351562
27-03-2012,187.1999969482422,195.60000610351562,308,196.1999969482422,189.0,189.0
28-03-2012,186.60000610351562,190.8000030517578,58,190.8000030517578,190.1999969482422,190.1999969482422
29-03-2012,181.1999969482422,189.60000610351562,397,192.0,192.0,192.0
30-03-2012,184.8000030517578,189.0,295,195.60000610351562,192.0,192.0
02-04-2012,189.0,196.1999969482422,302,196.1999969482422,191.39999389648438,191.39999389648438
03-04-2012,187.8000030517578,195.0,205,195.0,189.0,189.0
04-04-2012,181.1999969482422,186.60000610351562,310,189.60000610351562,184.8000030517578,184.8000030517578
05-04-2012,181.1999969482422,181.1999969482422,257,195.0,195.0,195.0
09-04-2012,184.1999969482422,185.39999389648438,178,192.0,184.1999969482422,184.1999969482422
10-04-2012,180.60000610351562,186.0,417,189.60000610351562,189.0,189.0
11-04-2012,180.60000610351562,191.39999389648438,1085,191.39999389648438,181.1999969482422,181.1999969482422
12-04-2012,180.60000610351562,181.1999969482422,240,183.60000610351562,181.8000030517578,181.8000030517578
13-04-2012,180.60000610351562,181.8000030517578,120,182.39999389648438,181.1999969482422,181.1999969482422
16-04-2012,177.0,180.60000610351562,365,183.0,181.8000030517578,181.8000030517578
17-04-2012,180.0,182.39999389648438,118,183.0,180.60000610351562,180.60000610351562
18-04-2012,174.0,180.60000610351562,557,181.1999969482422,174.0,174.0
19-04-2012,171.60000610351562,176.39999389648438,607,181.8000030517578,172.8000030517578,172.8000030517578
20-04-2012,169.1999969482422,175.8000030517578,398,183.0,183.0,183.0
23-04-2012,168.0,169.8000030517578,583,172.8000030517578,168.60000610351562,168.60000610351562
24-04-2012,168.60000610351562,168.60000610351562,430,176.39999389648438,170.39999389648438,170.39999389648438
25-04-2012,168.0,170.39999389648438,268,170.39999389648438,168.60000610351562,168.60000610351562
26-04-2012,160.8000030517578,170.39999389648438,518,174.60000610351562,163.1999969482422,163.1999969482422
27-04-2012,152.39999389648438,162.0,250,162.0,152.39999389648438,152.39999389648438
30-04-2012,147.60000610351562,151.8000030517578,383,153.60000610351562,150.0,150.0
01-05-2012,148.1999969482422,148.1999969482422,267,159.60000610351562,151.8000030517578,151.8000030517578
02-05-2012,146.39999389648438,151.8000030517578,283,154.8000030517578,152.39999389648438,152.39999389648438
03-05-2012,144.60000610351562,151.8000030517578,138,151.8000030517578,147.60000610351562,147.60000610351562
04-05-2012,145.1999969482422,145.8000030517578,243,150.0,150.0,150.0
07-05-2012,141.60000610351562,149.39999389648438,358,149.39999389648438,147.0,147.0
08-05-2012,136.8000030517578,148.8000030517578,275,148.8000030517578,139.8000030517578,139.8000030517578
09-05-2012,127.80000305175781,139.8000030517578,757,139.8000030517578,129.0,129.0
10-05-2012,124.80000305175781,130.1999969482422,467,137.39999389648438,124.80000305175781,124.80000305175781
11-05-2012,124.80000305175781,124.80000305175781,272,128.39999389648438,124.80000305175781,124.80000305175781
14-05-2012,124.19999694824219,124.80000305175781,383,128.39999389648438,124.80000305175781,124.80000305175781
15-05-2012,122.4000015258789,124.80000305175781,385,124.80000305175781,123.0,123.0
16-05-2012,120.0,122.4000015258789,817,124.80000305175781,120.0,120.0
17-05-2012,120.0,120.5999984741211,167,121.19999694824219,121.19999694824219,121.19999694824219
18-05-2012,120.0,121.19999694824219,233,129.0,126.0,126.0
21-05-2012,121.19999694824219,124.80000305175781,157,127.19999694824219,122.4000015258789,122.4000015258789
22-05-2012,114.5999984741211,121.80000305175781,438,133.8000030517578,118.80000305175781,118.80000305175781
23-05-2012,117.0,120.0,167,123.5999984741211,122.4000015258789,122.4000015258789
24-05-2012,121.80000305175781,123.0,283,129.0,121.80000305175781,121.80000305175781
25-05-2012,120.5999984741211,123.0,227,124.19999694824219,120.5999984741211,120.5999984741211
29-05-2012,120.0,122.4000015258789,582,132.60000610351562,123.0,123.0
30-05-2012,123.0,126.0,183,128.39999389648438,124.80000305175781,124.80000305175781
31-05-2012,123.5999984741211,124.80000305175781,45,126.5999984741211,124.19999694824219,124.19999694824219
01-06-2012,124.19999694824219,127.19999694824219,342,135.0,135.0,135.0
04-06-2012,129.60000610351562,135.60000610351562,233,135.60000610351562,130.1999969482422,130.1999969482422
05-06-2012,130.8000030517578,135.0,227,136.8000030517578,134.39999389648438,134.39999389648438
06-06-2012,133.8000030517578,135.60000610351562,38,137.39999389648438,135.60000610351562,135.60000610351562
07-06-2012,124.80000305175781,136.1999969482422,295,136.1999969482422,127.80000305175781,127.80000305175781
08-06-2012,127.80000305175781,127.80000305175781,88,132.0,132.0,132.0
11-06-2012,129.0,132.0,40,132.0,129.0,129.0
12-06-2012,128.39999389648438,128.39999389648438,135,131.39999389648438,129.60000610351562,129.60000610351562
13-06-2012,124.80000305175781,131.39999389648438,378,131.39999389648438,126.5999984741211,126.5999984741211
14-06-2012,123.0,126.0,125,129.0,123.0,123.0
15-06-2012,117.5999984741211,123.0,435,129.0,129.0,129.0
18-06-2012,122.4000015258789,127.19999694824219,62,127.19999694824219,122.4000015258789,122.4000015258789
19-06-2012,118.19999694824219,121.19999694824219,570,126.0,120.5999984741211,120.5999984741211
20-06-2012,120.0,120.5999984741211,458,132.60000610351562,126.5999984741211,126.5999984741211
21-06-2012,121.19999694824219,121.19999694824219,333,124.80000305175781,123.0,123.0
22-06-2012,117.0,124.80000305175781,1157,127.19999694824219,117.0,117.0
25-06-2012,117.0,120.0,207,124.80000305175781,118.19999694824219,118.19999694824219
26-06-2012,120.5999984741211,124.19999694824219,157,132.0,130.1999969482422,130.1999969482422
27-06-2012,123.0,126.5999984741211,75,129.0,123.5999984741211,123.5999984741211
28-06-2012,118.80000305175781,124.80000305175781,200,126.5999984741211,118.80000305175781,118.80000305175781
29-06-2012,119.4000015258789,119.4000015258789,122,123.0,121.19999694824219,121.19999694824219
02-07-2012,125.4000015258789,135.0,192,135.0,129.0,129.0
03-07-2012,120.0,130.8000030517578,182,130.8000030517578,130.1999969482422,130.1999969482422
05-07-2012,121.80000305175781,127.19999694824219,278,131.39999389648438,129.0,129.0
06-07-2012,124.80000305175781,124.80000305175781,240,135.0,135.0,135.0
09-07-2012,127.80000305175781,130.1999969482422,413,136.1999969482422,136.1999969482422,136.1999969482422
10-07-2012,130.8000030517578,134.39999389648438,547,140.39999389648438,140.39999389648438,140.39999389648438
11-07-2012,135.0,141.0,105,143.39999389648438,143.39999389648438,143.39999389648438
12-07-2012,135.60000610351562,138.60000610351562,70,141.0,141.0,141.0
13-07-2012,144.0,144.0,530,156.0,150.0,150.0
16-07-2012,150.0,150.0,45,153.0,153.0,153.0
17-07-2012,150.0,156.0,203,157.1999969482422,155.39999389648438,155.39999389648438
18-07-2012,144.60000610351562,150.60000610351562,118,150.60000610351562,144.60000610351562,144.60000610351562
19-07-2012,138.0,147.0,267,147.0,141.60000610351562,141.60000610351562
20-07-2012,133.1999969482422,139.8000030517578,167,139.8000030517578,139.1999969482422,139.1999969482422
23-07-2012,132.0,133.1999969482422,103,134.39999389648438,132.0,132.0
24-07-2012,123.0,132.60000610351562,222,132.60000610351562,128.39999389648438,128.39999389648438
25-07-2012,122.4000015258789,130.1999969482422,412,130.8000030517578,124.19999694824219,124.19999694824219
26-07-2012,122.4000015258789,128.39999389648438,290,130.1999969482422,123.0,123.0
27-07-2012,123.0,130.8000030517578,855,131.39999389648438,126.0,126.0
30-07-2012,126.5999984741211,126.5999984741211,467,142.8000030517578,141.60000610351562,141.60000610351562
31-07-2012,127.19999694824219,138.0,643,149.39999389648438,148.8000030517578,148.8000030517578
01-08-2012,139.8000030517578,153.0,493,159.60000610351562,154.1999969482422,154.1999969482422
02-08-2012,154.8000030517578,154.8000030517578,272,164.39999389648438,155.39999389648438,155.39999389648438
03-08-2012,129.0,150.0,400,150.0,136.1999969482422,136.1999969482422
06-08-2012,132.60000610351562,136.1999969482422,317,149.39999389648438,136.1999969482422,136.1999969482422
07-08-2012,129.60000610351562,142.1999969482422,290,148.1999969482422,139.1999969482422,139.1999969482422
08-08-2012,131.39999389648438,135.0,113,139.1999969482422,133.1999969482422,133.1999969482422
09-08-2012,131.39999389648438,131.39999389648438,140,138.60000610351562,132.0,132.0
10-08-2012,131.39999389648438,131.39999389648438,127,139.1999969482422,135.60000610351562,135.60000610351562
13-08-2012,126.5999984741211,135.0,222,135.0,129.60000610351562,129.60000610351562
14-08-2012,129.0,129.0,88,135.60000610351562,129.60000610351562,129.60000610351562
15-08-2012,129.0,129.0,83,135.0,134.39999389648438,134.39999389648438
16-08-2012,130.1999969482422,134.39999389648438,62,134.39999389648438,132.0,132.0
17-08-2012,128.39999389648438,132.0,68,134.39999389648438,134.39999389648438,134.39999389648438
20-08-2012,129.60000610351562,129.60000610351562,260,139.1999969482422,129.60000610351562,129.60000610351562
21-08-2012,129.0,130.8000030517578,235,136.1999969482422,136.1999969482422,136.1999969482422
22-08-2012,129.60000610351562,130.8000030517578,175,136.1999969482422,129.60000610351562,129.60000610351562
23-08-2012,129.0,129.0,758,133.8000030517578,129.0,129.0
24-08-2012,129.0,133.1999969482422,540,133.1999969482422,130.8000030517578,130.8000030517578
27-08-2012,130.1999969482422,132.0,78,132.60000610351562,130.1999969482422,130.1999969482422
28-08-2012,126.0,127.80000305175781,432,129.0,129.0,129.0
29-08-2012,126.0,126.0,1550,133.1999969482422,133.1999969482422,133.1999969482422
30-08-2012,129.0,129.60000610351562,58,132.0,129.0,129.0
31-08-2012,127.19999694824219,132.0,400,135.60000610351562,131.39999389648438,131.39999389648438
04-09-2012,127.19999694824219,129.0,78,131.39999389648438,127.19999694824219,127.19999694824219
05-09-2012,124.19999694824219,126.0,317,133.1999969482422,127.19999694824219,127.19999694824219
06-09-2012,126.5999984741211,133.1999969482422,270,133.1999969482422,129.0,129.0
07-09-2012,126.5999984741211,128.39999389648438,82,130.8000030517578,130.8000030517578,130.8000030517578
10-09-2012,126.5999984741211,136.1999969482422,153,136.1999969482422,128.39999389648438,128.39999389648438
11-09-2012,126.0,127.80000305175781,248,128.39999389648438,126.0,126.0
12-09-2012,124.80000305175781,126.0,90,126.5999984741211,126.0,126.0
13-09-2012,120.5999984741211,124.80000305175781,393,127.80000305175781,124.19999694824219,124.19999694824219
14-09-2012,121.19999694824219,122.4000015258789,417,130.8000030517578,128.39999389648438,128.39999389648438
17-09-2012,122.4000015258789,128.39999389648438,132,129.0,126.0,126.0
18-09-2012,123.5999984741211,126.0,37,127.19999694824219,127.19999694824219,127.19999694824219
19-09-2012,123.0,123.5999984741211,250,127.19999694824219,126.0,126.0
20-09-2012,120.0,124.19999694824219,210,127.19999694824219,121.80000305175781,121.80000305175781
21-09-2012,123.0,123.0,562,127.80000305175781,127.80000305175781,127.80000305175781
24-09-2012,120.5999984741211,127.80000305175781,180,128.39999389648438,120.5999984741211,120.5999984741211
25-09-2012,120.5999984741211,120.5999984741211,398,126.0,121.19999694824219,121.19999694824219
26-09-2012,120.5999984741211,120.5999984741211,225,126.0,121.19999694824219,121.19999694824219
27-09-2012,120.5999984741211,120.5999984741211,43,124.80000305175781,124.19999694824219,124.19999694824219
28-09-2012,121.19999694824219,121.80000305175781,75,124.19999694824219,121.19999694824219,121.19999694824219
01-10-2012,120.0,121.19999694824219,348,127.80000305175781,120.0,120.0
02-10-2012,120.0,120.0,182,124.80000305175781,122.4000015258789,122.4000015258789
03-10-2012,120.0,120.5999984741211,367,124.19999694824219,123.5999984741211,123.5999984741211
04-10-2012,120.0,120.0,72,124.19999694824219,121.19999694824219,121.19999694824219
05-10-2012,120.0,120.0,168,122.4000015258789,121.19999694824219,121.19999694824219
08-10-2012,120.0,120.5999984741211,312,122.4000015258789,121.80000305175781,121.80000305175781
09-10-2012,120.5999984741211,122.4000015258789,50,123.0,123.0,123.0
10-10-2012,120.0,121.80000305175781,205,123.0,120.0,120.0
11-10-2012,120.5999984741211,123.0,18,123.0,120.5999984741211,120.5999984741211
12-10-2012,120.0,121.80000305175781,1087,121.80000305175781,120.0,120.0
15-10-2012,120.0,120.0,547,121.19999694824219,120.0,120.0
16-10-2012,120.0,120.0,167,122.4000015258789,120.0,120.0
17-10-2012,120.0,120.0,65,122.4000015258789,121.80000305175781,121.80000305175781
18-10-2012,120.0,120.5999984741211,25,120.5999984741211,120.0,120.0
19-10-2012,117.0,120.0,440,120.0,118.80000305175781,118.80000305175781
22-10-2012,112.19999694824219,120.0,370,120.0,119.4000015258789,119.4000015258789
23-10-2012,111.5999984741211,115.19999694824219,257,119.4000015258789,111.5999984741211,111.5999984741211
24-10-2012,111.0,113.4000015258789,97,117.0,111.0,111.0
25-10-2012,108.0,111.0,148,116.4000015258789,110.4000015258789,110.4000015258789
26-10-2012,91.80000305175781,110.4000015258789,1395,110.4000015258789,100.80000305175781,100.80000305175781
31-10-2012,99.0,101.4000015258789,272,114.0,102.0,102.0
01-11-2012,104.4000015258789,106.80000305175781,233,108.5999984741211,108.5999984741211,108.5999984741211
02-11-2012,105.5999984741211,106.80000305175781,135,106.80000305175781,105.5999984741211,105.5999984741211
05-11-2012,97.19999694824219,105.5999984741211,185,106.19999694824219,104.4000015258789,104.4000015258789
06-11-2012,102.0,113.4000015258789,148,113.4000015258789,109.80000305175781,109.80000305175781
07-11-2012,102.0,108.0,163,110.4000015258789,108.0,108.0
08-11-2012,94.19999694824219,106.80000305175781,457,106.80000305175781,96.0,96.0
09-11-2012,76.19999694824219,78.5999984741211,682,96.0,95.4000015258789,95.4000015258789
12-11-2012,94.80000305175781,96.0,1332,99.0,96.0,96.0
13-11-2012,96.0,96.0,383,100.80000305175781,98.4000015258789,98.4000015258789
14-11-2012,93.5999984741211,94.80000305175781,218,97.19999694824219,97.19999694824219,97.19999694824219
15-11-2012,80.4000015258789,93.5999984741211,672,96.0,96.0,96.0
16-11-2012,78.0,78.0,618,106.80000305175781,94.80000305175781,94.80000305175781
19-11-2012,90.0,94.80000305175781,148,96.0,96.0,96.0
20-11-2012,86.4000015258789,96.0,190,96.0,91.80000305175781,91.80000305175781
21-11-2012,82.19999694824219,85.19999694824219,182,91.19999694824219,84.5999984741211,84.5999984741211
23-11-2012,81.5999984741211,83.4000015258789,540,89.4000015258789,81.5999984741211,81.5999984741211
26-11-2012,73.19999694824219,78.0,703,81.0,76.19999694824219,76.19999694824219
27-11-2012,72.0,75.5999984741211,702,76.19999694824219,72.0,72.0
28-11-2012,63.0,71.4000015258789,2197,75.5999984741211,69.5999984741211,69.5999984741211
29-11-2012,66.0,66.0,300,73.80000305175781,73.80000305175781,73.80000305175781
30-11-2012,69.5999984741211,69.5999984741211,660,77.4000015258789,73.19999694824219,73.19999694824219
03-12-2012,73.19999694824219,75.0,725,85.80000305175781,85.19999694824219,85.19999694824219
04-12-2012,90.5999984741211,96.0,862,103.19999694824219,95.4000015258789,95.4000015258789
05-12-2012,88.19999694824219,90.5999984741211,305,100.19999694824219,92.4000015258789,92.4000015258789
06-12-2012,93.5999984741211,93.5999984741211,415,98.4000015258789,98.4000015258789,98.4000015258789
07-12-2012,98.4000015258789,98.4000015258789,902,119.4000015258789,115.19999694824219,115.19999694824219
10-12-2012,108.0,115.19999694824219,257,115.19999694824219,109.19999694824219,109.19999694824219
11-12-2012,105.5999984741211,109.19999694824219,522,121.80000305175781,115.19999694824219,115.19999694824219
12-12-2012,103.19999694824219,118.80000305175781,543,119.4000015258789,108.0,108.0
13-12-2012,105.0,105.5999984741211,233,108.0,105.0,105.0
14-12-2012,99.0,103.19999694824219,493,111.0,102.0,102.0
17-12-2012,85.19999694824219,102.0,965,102.0,94.80000305175781,94.80000305175781
18-12-2012,85.80000305175781,86.4000015258789,177,93.5999984741211,88.19999694824219,88.19999694824219
19-12-2012,78.0,87.0,555,87.0,82.19999694824219,82.19999694824219
20-12-2012,78.5999984741211,78.5999984741211,283,94.19999694824219,86.4000015258789,86.4000015258789
21-12-2012,75.0,82.19999694824219,687,86.4000015258789,84.5999984741211,84.5999984741211
24-12-2012,76.80000305175781,76.80000305175781,212,83.4000015258789,81.5999984741211,81.5999984741211
26-12-2012,79.80000305175781,79.80000305175781,277,86.4000015258789,81.5999984741211,81.5999984741211
27-12-2012,78.0,81.0,575,84.0,82.19999694824219,82.19999694824219
28-12-2012,75.0,78.0,1405,91.80000305175781,90.0,90.0
31-12-2012,61.20000076293945,61.20000076293945,822,96.0,84.5999984741211,84.5999984741211
02-01-2013,77.4000015258789,77.4000015258789,238,95.4000015258789,89.4000015258789,89.4000015258789
03-01-2013,93.0,100.80000305175781,875,102.5999984741211,96.5999984741211,96.5999984741211
04-01-2013,82.80000305175781,102.0,625,120.5999984741211,105.0,105.0
07-01-2013,109.19999694824219,109.19999694824219,468,118.19999694824219,113.4000015258789,113.4000015258789
08-01-2013,110.4000015258789,114.0,977,119.4000015258789,117.0,117.0
09-01-2013,112.19999694824219,117.0,417,117.0,117.0,117.0
10-01-2013,112.19999694824219,119.4000015258789,170,119.4000015258789,116.4000015258789,116.4000015258789
11-01-2013,114.5999984741211,117.5999984741211,362,118.80000305175781,117.0,117.0
14-01-2013,108.5999984741211,117.0,282,117.0,110.4000015258789,110.4000015258789
15-01-2013,101.4000015258789,114.5999984741211,272,114.5999984741211,108.0,108.0
16-01-2013,100.80000305175781,100.80000305175781,220,104.4000015258789,103.19999694824219,103.19999694824219
17-01-2013,99.0,99.0,372,111.0,103.80000305175781,103.80000305175781
18-01-2013,99.0,108.5999984741211,103,108.5999984741211,105.5999984741211,105.5999984741211
22-01-2013,100.19999694824219,102.5999984741211,180,105.5999984741211,102.5999984741211,102.5999984741211
23-01-2013,106.19999694824219,108.0,285,112.19999694824219,106.19999694824219,106.19999694824219
24-01-2013,102.5999984741211,111.0,130,111.0,105.0,105.0
25-01-2013,99.0,104.4000015258789,160,105.0,99.0,99.0
28-01-2013,100.80000305175781,100.80000305175781,360,108.0,102.0,102.0
29-01-2013,106.19999694824219,108.0,532,117.0,116.4000015258789,116.4000015258789
30-01-2013,112.80000305175781,120.0,640,123.5999984741211,116.4000015258789,116.4000015258789
31-01-2013,111.5999984741211,120.5999984741211,778,125.4000015258789,119.4000015258789,119.4000015258789
01-02-2013,106.19999694824219,126.0,1055,128.39999389648438,116.4000015258789,116.4000015258789
04-02-2013,107.4000015258789,117.0,312,120.0,111.5999984741211,111.5999984741211
05-02-2013,106.19999694824219,117.0,667,117.0,107.4000015258789,107.4000015258789
06-02-2013,106.80000305175781,109.80000305175781,100,117.0,108.5999984741211,108.5999984741211
07-02-2013,108.5999984741211,114.5999984741211,133,114.5999984741211,109.80000305175781,109.80000305175781
08-02-2013,109.19999694824219,112.80000305175781,102,115.19999694824219,110.4000015258789,110.4000015258789
11-02-2013,109.80000305175781,113.4000015258789,132,113.4000015258789,112.80000305175781,112.80000305175781
12-02-2013,112.19999694824219,112.19999694824219,322,121.80000305175781,115.80000305175781,115.80000305175781
13-02-2013,117.5999984741211,118.19999694824219,168,121.19999694824219,120.0,120.0
14-02-2013,114.0,123.5999984741211,202,123.5999984741211,114.0,114.0
15-02-2013,111.5999984741211,120.0,152,120.0,116.4000015258789,116.4000015258789
19-02-2013,105.0,120.0,567,120.0,115.19999694824219,115.19999694824219
20-02-2013,108.0,109.80000305175781,165,117.5999984741211,108.0,108.0
21-02-2013,108.0,108.0,158,118.19999694824219,114.5999984741211,114.5999984741211
22-02-2013,106.19999694824219,108.0,292,113.4000015258789,110.4000015258789,110.4000015258789
25-02-2013,111.0,113.4000015258789,1028,120.0,119.4000015258789,119.4000015258789
26-02-2013,116.4000015258789,120.0,1075,123.0,119.4000015258789,119.4000015258789
27-02-2013,119.4000015258789,119.4000015258789,533,124.19999694824219,124.19999694824219,124.19999694824219
28-02-2013,124.19999694824219,144.0,1377,150.0,138.0,138.0
01-03-2013,105.0,149.39999389648438,2030,149.39999389648438,114.0,114.0
04-03-2013,105.0,114.0,533,114.0,106.80000305175781,106.80000305175781
05-03-2013,100.80000305175781,104.4000015258789,555,111.0,104.4000015258789,104.4000015258789
06-03-2013,103.19999694824219,108.0,258,110.4000015258789,103.80000305175781,103.80000305175781
07-03-2013,105.0,105.0,173,110.4000015258789,105.5999984741211,105.5999984741211
08-03-2013,102.5999984741211,105.0,195,105.5999984741211,103.19999694824219,103.19999694824219
11-03-2013,103.19999694824219,105.0,452,109.19999694824219,107.4000015258789,107.4000015258789
12-03-2013,109.19999694824219,109.80000305175781,182,113.4000015258789,113.4000015258789,113.4000015258789
13-03-2013,105.0,105.5999984741211,183,112.80000305175781,105.5999984741211,105.5999984741211
14-03-2013,104.4000015258789,106.80000305175781,27,106.80000305175781,105.0,105.0
15-03-2013,103.19999694824219,105.0,158,114.0,112.19999694824219,112.19999694824219
18-03-2013,103.19999694824219,103.19999694824219,535,114.0,106.19999694824219,106.19999694824219
19-03-2013,99.0,103.80000305175781,232,113.4000015258789,110.4000015258789,110.4000015258789
20-03-2013,102.0,106.19999694824219,298,111.5999984741211,105.5999984741211,105.5999984741211
21-03-2013,109.19999694824219,109.19999694824219,28,112.19999694824219,110.4000015258789,110.4000015258789
22-03-2013,103.19999694824219,108.0,48,112.19999694824219,109.80000305175781,109.80000305175781
25-03-2013,108.0,109.19999694824219,168,109.80000305175781,109.19999694824219,109.19999694824219
26-03-2013,100.19999694824219,109.19999694824219,97,109.19999694824219,101.4000015258789,101.4000015258789
27-03-2013,100.19999694824219,105.0,232,107.4000015258789,107.4000015258789,107.4000015258789
28-03-2013,100.19999694824219,107.4000015258789,165,109.19999694824219,104.4000015258789,104.4000015258789
01-04-2013,102.0,102.0,453,111.0,108.5999984741211,108.5999984741211
02-04-2013,102.0,106.80000305175781,97,110.4000015258789,108.0,108.0
03-04-2013,102.5999984741211,105.0,80,108.5999984741211,106.19999694824219,106.19999694824219
04-04-2013,100.19999694824219,103.80000305175781,95,105.0,102.0,102.0
05-04-2013,102.5999984741211,103.19999694824219,268,109.19999694824219,108.0,108.0
08-04-2013,101.4000015258789,103.80000305175781,52,105.0,104.4000015258789,104.4000015258789
09-04-2013,99.5999984741211,106.19999694824219,53,106.19999694824219,105.5999984741211,105.5999984741211
10-04-2013,99.5999984741211,106.19999694824219,183,106.19999694824219,99.5999984741211,99.5999984741211
11-04-2013,98.4000015258789,100.19999694824219,120,101.4000015258789,99.5999984741211,99.5999984741211
12-04-2013,97.19999694824219,97.19999694824219,68,99.0,99.0,99.0
15-04-2013,96.0,99.0,407,99.5999984741211,99.0,99.0
16-04-2013,96.0,96.0,60,98.4000015258789,98.4000015258789,98.4000015258789
17-04-2013,90.5999984741211,99.0,82,99.0,90.5999984741211,90.5999984741211
18-04-2013,90.5999984741211,90.5999984741211,262,97.80000305175781,94.19999694824219,94.19999694824219
19-04-2013,88.80000305175781,90.0,257,96.0,93.0,93.0
22-04-2013,88.80000305175781,95.4000015258789,122,96.0,89.4000015258789,89.4000015258789
23-04-2013,88.19999694824219,88.19999694824219,273,96.0,94.80000305175781,94.80000305175781
24-04-2013,90.0,91.80000305175781,75,94.19999694824219,90.0,90.0
25-04-2013,88.19999694824219,90.0,403,90.0,89.4000015258789,89.4000015258789
26-04-2013,87.0,90.0,215,90.0,87.0,87.0
29-04-2013,87.0,87.0,218,90.0,88.19999694824219,88.19999694824219
30-04-2013,87.0,87.5999984741211,230,94.80000305175781,87.5999984741211,87.5999984741211
01-05-2013,86.4000015258789,86.4000015258789,127,91.19999694824219,89.4000015258789,89.4000015258789
02-05-2013,86.4000015258789,87.5999984741211,255,88.80000305175781,86.4000015258789,86.4000015258789
03-05-2013,85.19999694824219,85.19999694824219,140,88.80000305175781,88.80000305175781,88.80000305175781
06-05-2013,81.0,82.80000305175781,633,88.19999694824219,88.19999694824219,88.19999694824219
07-05-2013,81.0,84.5999984741211,157,84.5999984741211,84.0,84.0
08-05-2013,81.0,81.0,352,87.0,82.80000305175781,82.80000305175781
09-05-2013,84.0,84.0,570,99.5999984741211,93.5999984741211,93.5999984741211
10-05-2013,94.19999694824219,94.80000305175781,198,102.0,100.19999694824219,100.19999694824219
13-05-2013,99.5999984741211,102.0,267,105.0,101.4000015258789,101.4000015258789
14-05-2013,101.4000015258789,101.4000015258789,130,108.0,103.80000305175781,103.80000305175781
15-05-2013,101.4000015258789,103.19999694824219,200,104.4000015258789,102.0,102.0
16-05-2013,100.80000305175781,102.0,107,105.0,102.0,102.0
17-05-2013,101.4000015258789,101.4000015258789,85,105.0,103.19999694824219,103.19999694824219
20-05-2013,99.0,102.0,90,103.19999694824219,102.0,102.0
21-05-2013,93.5999984741211,103.80000305175781,178,103.80000305175781,102.0,102.0
22-05-2013,90.0,94.80000305175781,160,102.5999984741211,94.80000305175781,94.80000305175781
23-05-2013,96.5999984741211,96.5999984741211,45,103.19999694824219,101.4000015258789,101.4000015258789
24-05-2013,97.80000305175781,98.4000015258789,22,100.80000305175781,100.80000305175781,100.80000305175781
28-05-2013,91.19999694824219,98.4000015258789,128,102.5999984741211,102.0,102.0
29-05-2013,98.4000015258789,99.5999984741211,12,102.0,102.0,102.0
30-05-2013,98.4000015258789,100.80000305175781,98,102.5999984741211,102.0,102.0
31-05-2013,96.5999984741211,99.5999984741211,253,102.0,101.4000015258789,101.4000015258789
03-06-2013,96.0,99.5999984741211,115,102.0,97.19999694824219,97.19999694824219
04-06-2013,93.5999984741211,94.80000305175781,70,96.0,94.19999694824219,94.19999694824219
05-06-2013,93.5999984741211,94.80000305175781,133,96.5999984741211,94.19999694824219,94.19999694824219
06-06-2013,93.5999984741211,94.19999694824219,255,100.19999694824219,95.4000015258789,95.4000015258789
07-06-2013,91.80000305175781,95.4000015258789,203,95.4000015258789,93.0,93.0
10-06-2013,91.19999694824219,91.80000305175781,1147,108.0,103.19999694824219,103.19999694824219
11-06-2013,103.19999694824219,109.80000305175781,440,109.80000305175781,105.5999984741211,105.5999984741211
12-06-2013,99.5999984741211,104.4000015258789,187,105.5999984741211,99.5999984741211,99.5999984741211
13-06-2013,101.4000015258789,102.5999984741211,95,107.4000015258789,106.80000305175781,106.80000305175781
14-06-2013,106.80000305175781,108.0,290,108.0,108.0,108.0
17-06-2013,101.4000015258789,108.0,423,108.0,102.0,102.0
18-06-2013,90.0,101.4000015258789,177,108.0,103.80000305175781,103.80000305175781
19-06-2013,97.80000305175781,98.4000015258789,5,99.5999984741211,99.5999984741211,99.5999984741211
20-06-2013,93.0,94.19999694824219,80,99.5999984741211,95.4000015258789,95.4000015258789
21-06-2013,93.0,93.0,233,99.0,98.4000015258789,98.4000015258789
24-06-2013,90.0,90.5999984741211,623,102.0,93.5999984741211,93.5999984741211
25-06-2013,91.80000305175781,91.80000305175781,163,100.19999694824219,96.5999984741211,96.5999984741211
26-06-2013,99.5999984741211,99.5999984741211,93,105.0,102.0,102.0
27-06-2013,100.19999694824219,100.19999694824219,177,105.0,105.0,105.0
28-06-2013,101.4000015258789,105.0,233,105.0,103.19999694824219,103.19999694824219
01-07-2013,102.0,105.0,158,105.0,102.0,102.0
02-07-2013,100.19999694824219,104.4000015258789,112,104.4000015258789,100.19999694824219,100.19999694824219
03-07-2013,99.5999984741211,99.5999984741211,40,102.0,102.0,102.0
05-07-2013,96.0,99.0,148,99.5999984741211,96.5999984741211,96.5999984741211
08-07-2013,91.80000305175781,96.0,438,97.80000305175781,96.5999984741211,96.5999984741211
09-07-2013,92.4000015258789,93.0,135,97.80000305175781,94.80000305175781,94.80000305175781
10-07-2013,93.5999984741211,94.19999694824219,285,99.0,97.19999694824219,97.19999694824219
11-07-2013,96.0,97.19999694824219,298,99.5999984741211,98.4000015258789,98.4000015258789
12-07-2013,97.80000305175781,98.4000015258789,122,102.0,97.80000305175781,97.80000305175781
15-07-2013,93.5999984741211,97.80000305175781,200,97.80000305175781,94.19999694824219,94.19999694824219
16-07-2013,90.5999984741211,94.19999694824219,300,96.5999984741211,94.19999694824219,94.19999694824219
17-07-2013,93.0,93.0,158,96.0,94.80000305175781,94.80000305175781
18-07-2013,90.0,90.0,973,94.19999694824219,90.5999984741211,90.5999984741211
19-07-2013,91.19999694824219,93.5999984741211,183,96.0,91.80000305175781,91.80000305175781
22-07-2013,91.19999694824219,91.80000305175781,202,95.4000015258789,93.0,93.0
23-07-2013,91.19999694824219,92.4000015258789,327,96.0,93.0,93.0
24-07-2013,92.4000015258789,93.0,125,96.5999984741211,96.5999984741211,96.5999984741211
25-07-2013,93.0,97.19999694824219,108,97.80000305175781,95.4000015258789,95.4000015258789
26-07-2013,93.5999984741211,96.0,65,96.0,96.0,96.0
29-07-2013,96.5999984741211,96.5999984741211,32240,196.8000030517578,189.0,189.0
30-07-2013,141.0,189.0,17402,190.1999969482422,151.1999969482422,151.1999969482422
31-07-2013,129.0,156.0,7067,156.0,131.39999389648438,131.39999389648438
01-08-2013,129.60000610351562,137.39999389648438,4623,147.0,131.39999389648438,131.39999389648438
02-08-2013,109.80000305175781,131.39999389648438,3615,131.39999389648438,115.80000305175781,115.80000305175781
05-08-2013,117.0,117.0,1595,128.39999389648438,122.4000015258789,122.4000015258789
06-08-2013,107.4000015258789,121.80000305175781,1140,121.80000305175781,115.80000305175781,115.80000305175781
07-08-2013,114.0,118.19999694824219,987,123.0,117.0,117.0
08-08-2013,116.4000015258789,120.5999984741211,908,129.0,116.4000015258789,116.4000015258789
09-08-2013,109.19999694824219,118.80000305175781,800,120.0,109.19999694824219,109.19999694824219
12-08-2013,108.5999984741211,112.19999694824219,675,118.80000305175781,113.4000015258789,113.4000015258789
13-08-2013,109.80000305175781,116.4000015258789,867,118.19999694824219,112.80000305175781,112.80000305175781
14-08-2013,110.4000015258789,110.4000015258789,838,118.19999694824219,112.19999694824219,112.19999694824219
15-08-2013,110.4000015258789,113.4000015258789,655,115.80000305175781,112.80000305175781,112.80000305175781
16-08-2013,112.19999694824219,114.0,195,114.0,113.4000015258789,113.4000015258789
19-08-2013,112.19999694824219,116.4000015258789,915,118.19999694824219,114.0,114.0
20-08-2013,111.5999984741211,116.4000015258789,575,116.4000015258789,114.0,114.0
21-08-2013,110.4000015258789,114.0,163,114.0,113.4000015258789,113.4000015258789
22-08-2013,111.5999984741211,114.0,248,114.0,111.5999984741211,111.5999984741211
23-08-2013,105.0,114.0,962,114.5999984741211,106.19999694824219,106.19999694824219
26-08-2013,103.80000305175781,119.4000015258789,833,119.4000015258789,106.80000305175781,106.80000305175781
27-08-2013,100.80000305175781,105.5999984741211,295,108.0,102.5999984741211,102.5999984741211
28-08-2013,102.0,102.0,127,109.19999694824219,103.80000305175781,103.80000305175781
29-08-2013,99.5999984741211,104.4000015258789,542,105.0,100.80000305175781,100.80000305175781
30-08-2013,99.0,100.80000305175781,425,105.0,103.80000305175781,103.80000305175781
03-09-2013,99.0,103.19999694824219,252,103.80000305175781,99.5999984741211,99.5999984741211
04-09-2013,99.5999984741211,100.19999694824219,173,102.0,100.80000305175781,100.80000305175781
05-09-2013,100.80000305175781,102.0,105,102.0,100.80000305175781,100.80000305175781
06-09-2013,102.0,102.0,207,109.19999694824219,105.0,105.0
09-09-2013,99.0,105.0,328,109.19999694824219,108.0,108.0
10-09-2013,101.4000015258789,108.5999984741211,387,109.19999694824219,102.5999984741211,102.5999984741211
11-09-2013,99.5999984741211,100.80000305175781,117,106.19999694824219,105.5999984741211,105.5999984741211
12-09-2013,102.0,104.4000015258789,130,104.4000015258789,102.5999984741211,102.5999984741211
13-09-2013,103.80000305175781,103.80000305175781,633,107.4000015258789,105.5999984741211,105.5999984741211
16-09-2013,105.0,106.80000305175781,878,115.80000305175781,108.0,108.0
17-09-2013,105.0,105.0,768,113.4000015258789,105.0,105.0
18-09-2013,103.19999694824219,105.5999984741211,95,107.4000015258789,104.4000015258789,104.4000015258789
19-09-2013,103.80000305175781,103.80000305175781,232,106.80000305175781,103.80000305175781,103.80000305175781
20-09-2013,102.5999984741211,103.80000305175781,240,114.0,114.0,114.0
23-09-2013,105.0,114.5999984741211,455,114.5999984741211,112.80000305175781,112.80000305175781
24-09-2013,108.5999984741211,111.0,252,112.19999694824219,108.5999984741211,108.5999984741211
25-09-2013,108.0,109.80000305175781,110,111.0,108.0,108.0
26-09-2013,105.0,109.80000305175781,213,111.0,107.4000015258789,107.4000015258789
27-09-2013,105.0,108.5999984741211,330,111.0,106.19999694824219,106.19999694824219
30-09-2013,105.0,106.19999694824219,288,110.4000015258789,107.4000015258789,107.4000015258789
01-10-2013,106.19999694824219,106.19999694824219,545,113.4000015258789,112.19999694824219,112.19999694824219
02-10-2013,108.0,113.4000015258789,613,114.0,113.4000015258789,113.4000015258789
03-10-2013,109.19999694824219,114.0,275,114.0,109.80000305175781,109.80000305175781
04-10-2013,108.0,108.0,265,114.0,110.4000015258789,110.4000015258789
07-10-2013,111.0,111.0,4595,135.0,127.19999694824219,127.19999694824219
08-10-2013,118.19999694824219,120.0,1300,127.19999694824219,120.0,120.0
09-10-2013,117.5999984741211,130.1999969482422,1210,130.1999969482422,120.0,120.0
10-10-2013,114.5999984741211,118.19999694824219,1130,123.5999984741211,116.4000015258789,116.4000015258789
11-10-2013,110.4000015258789,121.19999694824219,1560,121.19999694824219,110.4000015258789,110.4000015258789
14-10-2013,106.80000305175781,111.0,1290,120.5999984741211,108.0,108.0
15-10-2013,108.0,109.80000305175781,1663,115.80000305175781,110.4000015258789,110.4000015258789
16-10-2013,109.80000305175781,114.0,917,114.0,113.4000015258789,113.4000015258789
17-10-2013,109.80000305175781,114.0,733,115.19999694824219,112.80000305175781,112.80000305175781
18-10-2013,110.4000015258789,115.19999694824219,1165,123.0,117.0,117.0
21-10-2013,120.0,123.0,675,124.80000305175781,121.80000305175781,121.80000305175781
22-10-2013,103.19999694824219,108.5999984741211,7530,108.5999984741211,105.0,105.0
23-10-2013,102.0,103.19999694824219,1712,105.0,103.80000305175781,103.80000305175781
24-10-2013,94.19999694824219,106.80000305175781,3158,106.80000305175781,98.4000015258789,98.4000015258789
25-10-2013,93.0,100.19999694824219,2843,100.19999694824219,94.80000305175781,94.80000305175781
28-10-2013,93.0,96.0,1443,97.80000305175781,94.80000305175781,94.80000305175781
29-10-2013,91.80000305175781,93.5999984741211,983,99.0,94.80000305175781,94.80000305175781
30-10-2013,93.5999984741211,94.19999694824219,735,96.0,96.0,96.0
31-10-2013,91.80000305175781,96.0,1412,98.4000015258789,93.5999984741211,93.5999984741211
01-11-2013,90.5999984741211,94.80000305175781,393,96.0,91.19999694824219,91.19999694824219
04-11-2013,91.19999694824219,91.19999694824219,255,98.4000015258789,97.80000305175781,97.80000305175781
05-11-2013,93.5999984741211,96.0,1212,99.0,94.80000305175781,94.80000305175781
06-11-2013,91.80000305175781,95.4000015258789,192,95.4000015258789,94.80000305175781,94.80000305175781
07-11-2013,90.0,97.19999694824219,798,97.19999694824219,90.0,90.0
08-11-2013,91.19999694824219,93.5999984741211,485,96.0,93.0,93.0
11-11-2013,92.4000015258789,94.19999694824219,293,95.4000015258789,93.0,93.0
12-11-2013,91.80000305175781,93.5999984741211,823,97.19999694824219,93.0,93.0
13-11-2013,91.80000305175781,96.0,635,96.0,93.5999984741211,93.5999984741211
14-11-2013,93.5999984741211,94.19999694824219,578,94.80000305175781,94.80000305175781,94.80000305175781
15-11-2013,91.19999694824219,94.80000305175781,717,94.80000305175781,91.19999694824219,91.19999694824219
18-11-2013,91.80000305175781,93.5999984741211,212,94.80000305175781,92.4000015258789,92.4000015258789
19-11-2013,91.80000305175781,96.0,355,96.0,91.80000305175781,91.80000305175781
20-11-2013,91.80000305175781,93.0,418,94.80000305175781,93.0,93.0
21-11-2013,93.0,95.4000015258789,357,99.0,94.19999694824219,94.19999694824219
22-11-2013,94.19999694824219,96.5999984741211,280,98.4000015258789,94.80000305175781,94.80000305175781
25-11-2013,94.80000305175781,94.80000305175781,328,98.4000015258789,97.19999694824219,97.19999694824219
26-11-2013,94.80000305175781,96.0,565,97.80000305175781,95.4000015258789,95.4000015258789
27-11-2013,95.4000015258789,96.5999984741211,143,96.5999984741211,96.0,96.0
29-11-2013,96.0,97.19999694824219,215,99.5999984741211,99.5999984741211,99.5999984741211
02-12-2013,96.0,99.5999984741211,697,103.19999694824219,99.5999984741211,99.5999984741211
03-12-2013,96.5999984741211,100.80000305175781,120,101.4000015258789,97.80000305175781,97.80000305175781
04-12-2013,93.5999984741211,96.0,347,99.0,93.5999984741211,93.5999984741211
05-12-2013,91.19999694824219,95.4000015258789,250,99.0,91.80000305175781,91.80000305175781
06-12-2013,90.0,90.0,662,97.19999694824219,91.80000305175781,91.80000305175781
09-12-2013,90.0,90.0,342,93.0,91.19999694824219,91.19999694824219
10-12-2013,85.80000305175781,91.19999694824219,800,92.4000015258789,87.5999984741211,87.5999984741211
11-12-2013,88.19999694824219,88.19999694824219,257,90.0,88.80000305175781,88.80000305175781
12-12-2013,89.4000015258789,89.4000015258789,392,90.5999984741211,90.5999984741211,90.5999984741211
13-12-2013,88.19999694824219,89.4000015258789,1123,90.5999984741211,88.80000305175781,88.80000305175781
16-12-2013,90.0,90.0,288,93.0,91.19999694824219,91.19999694824219
17-12-2013,79.19999694824219,90.0,1918,90.0,86.4000015258789,86.4000015258789
18-12-2013,82.19999694824219,84.5999984741211,883,85.19999694824219,84.5999984741211,84.5999984741211
19-12-2013,84.0,84.5999984741211,12572,105.5999984741211,88.80000305175781,88.80000305175781
20-12-2013,80.4000015258789,90.0,7912,90.0,82.19999694824219,82.19999694824219
23-12-2013,84.0,84.0,6897,92.4000015258789,92.4000015258789,92.4000015258789
24-12-2013,93.5999984741211,94.80000305175781,3272,99.5999984741211,94.80000305175781,94.80000305175781
26-12-2013,91.80000305175781,94.80000305175781,2223,96.5999984741211,94.80000305175781,94.80000305175781
27-12-2013,92.4000015258789,97.80000305175781,830,97.80000305175781,92.4000015258789,92.4000015258789
30-12-2013,92.4000015258789,94.19999694824219,2017,94.19999694824219,94.19999694824219,94.19999694824219
31-12-2013,84.5999984741211,93.5999984741211,4933,93.5999984741211,87.0,87.0
02-01-2014,88.19999694824219,88.19999694824219,3158,100.19999694824219,97.19999694824219,97.19999694824219
03-01-2014,99.0,105.0,1890,105.0,100.19999694824219,100.19999694824219
06-01-2014,99.5999984741211,110.4000015258789,1812,110.4000015258789,100.19999694824219,100.19999694824219
07-01-2014,93.5999984741211,102.0,1167,102.0,94.80000305175781,94.80000305175781
08-01-2014,96.0,96.0,1620,105.0,100.19999694824219,100.19999694824219
09-01-2014,99.0,102.0,778,103.80000305175781,102.5999984741211,102.5999984741211
10-01-2014,100.19999694824219,103.80000305175781,1227,105.0,105.0,105.0
13-01-2014,103.19999694824219,106.80000305175781,1962,108.5999984741211,108.5999984741211,108.5999984741211
14-01-2014,105.5999984741211,108.0,1820,110.4000015258789,109.19999694824219,109.19999694824219
15-01-2014,108.0,109.19999694824219,830,110.4000015258789,110.4000015258789,110.4000015258789
16-01-2014,109.19999694824219,110.4000015258789,2548,117.0,116.4000015258789,116.4000015258789
17-01-2014,115.19999694824219,115.19999694824219,3627,127.19999694824219,123.5999984741211,123.5999984741211
21-01-2014,126.0,129.0,3637,134.39999389648438,133.8000030517578,133.8000030517578
22-01-2014,134.39999389648438,135.0,10047,167.39999389648438,144.60000610351562,144.60000610351562
23-01-2014,134.39999389648438,148.1999969482422,5488,156.0,143.39999389648438,143.39999389648438
24-01-2014,131.39999389648438,142.1999969482422,2253,143.39999389648438,134.39999389648438,134.39999389648438
27-01-2014,123.0,131.39999389648438,3062,132.60000610351562,124.80000305175781,124.80000305175781
28-01-2014,123.0,126.0,1910,135.60000610351562,135.0,135.0
29-01-2014,136.1999969482422,136.1999969482422,3477,155.39999389648438,142.8000030517578,142.8000030517578
30-01-2014,147.0,148.1999969482422,5157,171.0,160.1999969482422,160.1999969482422
31-01-2014,153.0,156.0,2598,170.39999389648438,160.1999969482422,160.1999969482422
03-02-2014,155.39999389648438,168.0,2898,171.0,156.60000610351562,156.60000610351562
04-02-2014,143.39999389648438,156.60000610351562,2562,156.60000610351562,147.0,147.0
05-02-2014,132.0,143.39999389648438,1990,144.60000610351562,133.1999969482422,133.1999969482422
06-02-2014,133.1999969482422,133.1999969482422,1147,141.60000610351562,138.60000610351562,138.60000610351562
07-02-2014,138.60000610351562,138.60000610351562,1185,150.0,144.0,144.0
10-02-2014,140.39999389648438,144.60000610351562,772,153.0,151.1999969482422,151.1999969482422
11-02-2014,144.0,151.8000030517578,1047,152.39999389648438,144.60000610351562,144.60000610351562
12-02-2014,138.0,144.0,1230,145.1999969482422,138.60000610351562,138.60000610351562
13-02-2014,133.1999969482422,135.0,737,143.39999389648438,138.60000610351562,138.60000610351562
14-02-2014,138.0,138.0,840,142.1999969482422,138.60000610351562,138.60000610351562
18-02-2014,150.0,150.0,34955,196.8000030517578,172.1999969482422,172.1999969482422
19-02-2014,175.8000030517578,185.39999389648438,15255,186.0,178.8000030517578,178.8000030517578
20-02-2014,181.8000030517578,186.0,16568,216.0,206.39999389648438,206.39999389648438
21-02-2014,192.60000610351562,211.8000030517578,8433,216.0,192.60000610351562,192.60000610351562
24-02-2014,195.60000610351562,195.60000610351562,4583,213.0,205.1999969482422,205.1999969482422
25-02-2014,199.8000030517578,204.0,1848,208.1999969482422,201.60000610351562,201.60000610351562
26-02-2014,201.0,203.39999389648438,4728,217.1999969482422,208.1999969482422,208.1999969482422
27-02-2014,198.0,211.1999969482422,2118,213.0,207.0,207.0
28-02-2014,178.8000030517578,208.1999969482422,4653,208.1999969482422,186.0,186.0
03-03-2014,187.8000030517578,196.8000030517578,2428,202.8000030517578,199.8000030517578,199.8000030517578
04-03-2014,198.0,198.0,1667,210.0,202.8000030517578,202.8000030517578
05-03-2014,205.8000030517578,207.0,6345,225.0,225.0,225.0
06-03-2014,213.0,225.0,3805,227.39999389648438,214.1999969482422,214.1999969482422
07-03-2014,204.60000610351562,213.0,2223,218.39999389648438,211.1999969482422,211.1999969482422
10-03-2014,195.0,213.60000610351562,3052,213.60000610351562,202.8000030517578,202.8000030517578
11-03-2014,189.60000610351562,199.1999969482422,3897,206.39999389648438,190.1999969482422,190.1999969482422
12-03-2014,161.39999389648438,187.8000030517578,8395,188.39999389648438,165.60000610351562,165.60000610351562
13-03-2014,157.8000030517578,168.60000610351562,2532,173.39999389648438,161.39999389648438,161.39999389648438
14-03-2014,158.39999389648438,158.39999389648438,7088,178.1999969482422,175.1999969482422,175.1999969482422
17-03-2014,171.0,175.8000030517578,4690,190.8000030517578,171.0,171.0
18-03-2014,162.60000610351562,171.0,2145,171.0,166.8000030517578,166.8000030517578
19-03-2014,162.0,168.0,2347,171.0,162.0,162.0
20-03-2014,162.0,162.0,1643,171.0,166.8000030517578,166.8000030517578
21-03-2014,169.1999969482422,171.0,15355,220.8000030517578,213.60000610351562,213.60000610351562
24-03-2014,187.1999969482422,213.60000610351562,6025,214.8000030517578,199.1999969482422,199.1999969482422
25-03-2014,175.1999969482422,196.1999969482422,5840,200.39999389648438,180.0,180.0
26-03-2014,180.0,183.60000610351562,2475,191.39999389648438,190.8000030517578,190.8000030517578
27-03-2014,166.8000030517578,195.0,2967,197.39999389648438,173.39999389648438,173.39999389648438
28-03-2014,150.0,171.0,5098,173.39999389648438,153.0,153.0
31-03-2014,150.0,152.39999389648438,2350,166.1999969482422,161.39999389648438,161.39999389648438
01-04-2014,159.60000610351562,159.60000610351562,847,172.8000030517578,169.8000030517578,169.8000030517578
02-04-2014,162.60000610351562,168.60000610351562,1837,172.8000030517578,165.60000610351562,165.60000610351562
03-04-2014,159.60000610351562,168.0,1753,170.39999389648438,162.0,162.0
04-04-2014,150.0,165.0,2940,165.0,150.60000610351562,150.60000610351562
07-04-2014,150.60000610351562,151.8000030517578,2927,160.8000030517578,156.0,156.0
08-04-2014,150.60000610351562,156.0,2017,163.8000030517578,153.0,153.0
09-04-2014,150.0,153.0,905,155.39999389648438,153.0,153.0
10-04-2014,147.0,154.1999969482422,760,155.39999389648438,148.8000030517578,148.8000030517578
11-04-2014,129.60000610351562,146.39999389648438,2910,146.39999389648438,132.60000610351562,132.60000610351562
14-04-2014,116.4000015258789,133.1999969482422,4547,135.0,118.80000305175781,118.80000305175781
15-04-2014,117.0,117.5999984741211,1197,122.4000015258789,118.80000305175781,118.80000305175781
16-04-2014,120.0,120.0,4663,151.1999969482422,142.8000030517578,142.8000030517578
17-04-2014,135.0,140.39999389648438,1200,142.1999969482422,136.1999969482422,136.1999969482422
21-04-2014,137.39999389648438,138.0,2400,147.60000610351562,142.1999969482422,142.1999969482422
22-04-2014,142.1999969482422,144.0,763,147.0,142.8000030517578,142.8000030517578
23-04-2014,136.8000030517578,142.1999969482422,1142,147.0,140.39999389648438,140.39999389648438
24-04-2014,132.60000610351562,139.8000030517578,632,142.1999969482422,137.39999389648438,137.39999389648438
25-04-2014,132.0,135.0,600,136.1999969482422,132.0,132.0
28-04-2014,133.1999969482422,133.1999969482422,868,139.1999969482422,135.60000610351562,135.60000610351562
29-04-2014,127.80000305175781,136.8000030517578,787,136.8000030517578,129.0,129.0
30-04-2014,127.80000305175781,127.80000305175781,760,140.39999389648438,138.60000610351562,138.60000610351562
01-05-2014,133.8000030517578,138.0,405,140.39999389648438,138.60000610351562,138.60000610351562
02-05-2014,139.8000030517578,139.8000030517578,1717,159.0,145.1999969482422,145.1999969482422
05-05-2014,143.39999389648438,143.39999389648438,937,154.1999969482422,153.0,153.0
06-05-2014,151.1999969482422,151.8000030517578,887,160.8000030517578,151.8000030517578,151.8000030517578
07-05-2014,151.8000030517578,153.0,925,157.8000030517578,153.0,153.0
08-05-2014,152.39999389648438,156.0,792,160.8000030517578,154.1999969482422,154.1999969482422
09-05-2014,135.0,153.0,3443,153.0,137.39999389648438,137.39999389648438
12-05-2014,138.0,139.8000030517578,1168,150.0,142.1999969482422,142.1999969482422
13-05-2014,140.39999389648438,140.39999389648438,460,147.0,144.60000610351562,144.60000610351562
14-05-2014,141.60000610351562,145.1999969482422,647,148.8000030517578,143.39999389648438,143.39999389648438
15-05-2014,134.39999389648438,144.0,1275,144.0,135.60000610351562,135.60000610351562
16-05-2014,135.0,135.0,515,143.39999389648438,135.0,135.0
19-05-2014,134.39999389648438,135.0,555,137.39999389648438,135.0,135.0
20-05-2014,135.0,135.0,337,138.0,137.39999389648438,137.39999389648438
21-05-2014,135.0,136.1999969482422,677,139.1999969482422,136.1999969482422,136.1999969482422
22-05-2014,133.1999969482422,135.0,607,137.39999389648438,135.0,135.0
23-05-2014,135.60000610351562,136.8000030517578,1040,144.60000610351562,140.39999389648438,140.39999389648438
27-05-2014,138.0,141.60000610351562,410,145.1999969482422,141.0,141.0
28-05-2014,141.60000610351562,141.60000610351562,265,144.60000610351562,141.60000610351562,141.60000610351562
29-05-2014,141.60000610351562,145.1999969482422,760,147.60000610351562,144.60000610351562,144.60000610351562
30-05-2014,141.60000610351562,145.1999969482422,465,145.1999969482422,143.39999389648438,143.39999389648438
02-06-2014,142.1999969482422,144.60000610351562,515,147.60000610351562,145.1999969482422,145.1999969482422
03-06-2014,143.39999389648438,148.8000030517578,652,150.0,147.0,147.0
04-06-2014,144.60000610351562,147.60000610351562,745,153.0,147.60000610351562,147.60000610351562
05-06-2014,144.0,145.8000030517578,345,149.39999389648438,146.39999389648438,146.39999389648438
06-06-2014,145.1999969482422,147.0,630,150.0,148.8000030517578,148.8000030517578
09-06-2014,141.60000610351562,150.0,1610,150.0,144.60000610351562,144.60000610351562
10-06-2014,138.0,142.8000030517578,587,144.0,139.1999969482422,139.1999969482422
11-06-2014,139.8000030517578,141.60000610351562,1202,145.8000030517578,145.1999969482422,145.1999969482422
12-06-2014,141.60000610351562,141.60000610351562,678,144.60000610351562,144.0,144.0
13-06-2014,142.1999969482422,146.39999389648438,1853,157.8000030517578,154.8000030517578,154.8000030517578
16-06-2014,145.8000030517578,156.0,545,156.0,147.60000610351562,147.60000610351562
17-06-2014,144.0,145.1999969482422,340,152.39999389648438,145.8000030517578,145.8000030517578
18-06-2014,145.8000030517578,146.39999389648438,307,150.0,148.8000030517578,148.8000030517578
19-06-2014,147.60000610351562,148.8000030517578,428,150.0,150.0,150.0
20-06-2014,148.1999969482422,151.8000030517578,642,151.8000030517578,151.1999969482422,151.1999969482422
23-06-2014,147.60000610351562,150.0,2820,158.39999389648438,154.1999969482422,154.1999969482422
24-06-2014,155.39999389648438,156.0,2423,172.1999969482422,163.8000030517578,163.8000030517578
25-06-2014,162.0,165.60000610351562,762,168.0,163.1999969482422,163.1999969482422
26-06-2014,160.1999969482422,162.0,525,165.0,161.39999389648438,161.39999389648438
27-06-2014,163.8000030517578,163.8000030517578,1053,169.1999969482422,163.8000030517578,163.8000030517578
30-06-2014,162.0,163.8000030517578,452,169.1999969482422,166.1999969482422,166.1999969482422
01-07-2014,163.8000030517578,164.39999389648438,647,169.1999969482422,166.1999969482422,166.1999969482422
02-07-2014,167.39999389648438,167.39999389648438,7940,206.39999389648438,172.1999969482422,172.1999969482422
03-07-2014,173.39999389648438,180.0,1733,186.0,184.1999969482422,184.1999969482422
07-07-2014,180.0,188.39999389648438,2335,189.0,181.1999969482422,181.1999969482422
08-07-2014,165.0,180.0,2288,181.1999969482422,171.60000610351562,171.60000610351562
09-07-2014,171.60000610351562,177.0,1027,180.0,177.60000610351562,177.60000610351562
10-07-2014,165.0,180.0,1675,180.60000610351562,169.8000030517578,169.8000030517578
11-07-2014,166.1999969482422,171.0,803,174.0,172.8000030517578,172.8000030517578
14-07-2014,172.8000030517578,175.1999969482422,770,180.60000610351562,175.8000030517578,175.8000030517578
15-07-2014,169.8000030517578,177.0,590,177.0,171.60000610351562,171.60000610351562
16-07-2014,168.0,174.0,368,176.39999389648438,171.60000610351562,171.60000610351562
17-07-2014,167.39999389648438,174.60000610351562,302,175.1999969482422,167.39999389648438,167.39999389648438
18-07-2014,165.60000610351562,171.60000610351562,507,174.60000610351562,171.60000610351562,171.60000610351562
21-07-2014,163.8000030517578,174.60000610351562,825,175.1999969482422,165.60000610351562,165.60000610351562
22-07-2014,163.8000030517578,163.8000030517578,605,166.8000030517578,166.8000030517578,166.8000030517578
23-07-2014,156.0,165.0,708,165.0,162.60000610351562,162.60000610351562
24-07-2014,163.8000030517578,166.8000030517578,903,171.0,170.39999389648438,170.39999389648438
25-07-2014,159.0,169.1999969482422,892,172.8000030517578,171.0,171.0
28-07-2014,168.0,171.0,3382,186.0,183.60000610351562,183.60000610351562
29-07-2014,183.60000610351562,186.0,5143,204.0,201.0,201.0
30-07-2014,201.0,204.0,4607,212.39999389648438,205.8000030517578,205.8000030517578
31-07-2014,195.0,201.0,2197,210.0,208.8000030517578,208.8000030517578
01-08-2014,194.39999389648438,208.1999969482422,1673,212.39999389648438,204.0,204.0
04-08-2014,177.0,207.0,2095,211.1999969482422,183.60000610351562,183.60000610351562
05-08-2014,174.0,187.8000030517578,1767,196.8000030517578,180.0,180.0
06-08-2014,171.0,180.0,1673,180.60000610351562,177.60000610351562,177.60000610351562
07-08-2014,152.39999389648438,175.1999969482422,3538,180.0,158.39999389648438,158.39999389648438
08-08-2014,151.1999969482422,157.1999969482422,1723,159.60000610351562,153.60000610351562,153.60000610351562
11-08-2014,156.0,156.0,1128,172.8000030517578,167.39999389648438,167.39999389648438
12-08-2014,159.0,169.8000030517578,787,171.60000610351562,160.1999969482422,160.1999969482422
13-08-2014,156.0,156.0,893,166.1999969482422,158.39999389648438,158.39999389648438
14-08-2014,158.39999389648438,158.39999389648438,627,168.60000610351562,163.8000030517578,163.8000030517578
15-08-2014,159.0,166.8000030517578,795,166.8000030517578,159.0,159.0
18-08-2014,159.0,162.0,550,163.8000030517578,162.0,162.0
19-08-2014,160.8000030517578,160.8000030517578,497,173.39999389648438,166.1999969482422,166.1999969482422
20-08-2014,166.8000030517578,168.0,145,171.60000610351562,169.8000030517578,169.8000030517578
21-08-2014,168.0,168.0,382,169.8000030517578,168.0,168.0
22-08-2014,168.0,168.0,1297,180.0,174.60000610351562,174.60000610351562
25-08-2014,177.0,177.0,1132,186.0,180.60000610351562,180.60000610351562
26-08-2014,171.60000610351562,180.0,680,183.0,175.1999969482422,175.1999969482422
27-08-2014,173.39999389648438,178.8000030517578,477,180.0,178.8000030517578,178.8000030517578
28-08-2014,177.60000610351562,182.39999389648438,613,182.39999389648438,180.0,180.0
29-08-2014,175.1999969482422,180.0,938,180.60000610351562,180.0,180.0
02-09-2014,174.60000610351562,180.0,723,180.0,175.1999969482422,175.1999969482422
03-09-2014,175.8000030517578,179.39999389648438,583,180.0,179.39999389648438,179.39999389648438
04-09-2014,168.0,177.60000610351562,997,178.8000030517578,168.0,168.0
05-09-2014,162.0,168.0,972,169.8000030517578,162.0,162.0
08-09-2014,153.60000610351562,162.0,1293,162.0,156.0,156.0
09-09-2014,147.0,156.0,1498,156.60000610351562,148.8000030517578,148.8000030517578
10-09-2014,145.1999969482422,147.0,1270,152.39999389648438,145.1999969482422,145.1999969482422
11-09-2014,141.0,145.1999969482422,1117,148.1999969482422,142.8000030517578,142.8000030517578
12-09-2014,141.0,141.0,665,144.60000610351562,143.39999389648438,143.39999389648438
15-09-2014,141.0,142.1999969482422,682,145.1999969482422,142.1999969482422,142.1999969482422
16-09-2014,135.0,141.0,1357,142.1999969482422,138.0,138.0
17-09-2014,135.0,138.0,473,139.8000030517578,138.60000610351562,138.60000610351562
18-09-2014,141.0,141.0,750,150.0,148.1999969482422,148.1999969482422
19-09-2014,145.1999969482422,145.1999969482422,690,150.0,149.39999389648438,149.39999389648438
22-09-2014,139.1999969482422,148.1999969482422,962,150.0,139.1999969482422,139.1999969482422
23-09-2014,135.0,138.0,483,141.60000610351562,139.1999969482422,139.1999969482422
24-09-2014,138.0,141.0,147,141.0,140.39999389648438,140.39999389648438
25-09-2014,138.60000610351562,140.39999389648438,222,143.39999389648438,139.1999969482422,139.1999969482422
26-09-2014,135.60000610351562,139.8000030517578,415,140.39999389648438,140.39999389648438,140.39999389648438
29-09-2014,138.0,139.1999969482422,245,141.0,138.0,138.0
30-09-2014,136.8000030517578,141.0,682,141.0,138.0,138.0
01-10-2014,135.0,138.0,547,138.0,137.39999389648438,137.39999389648438
02-10-2014,133.1999969482422,138.0,692,139.1999969482422,135.0,135.0
03-10-2014,135.60000610351562,135.60000610351562,117,138.60000610351562,138.60000610351562,138.60000610351562
06-10-2014,138.0,141.0,305,141.0,139.8000030517578,139.8000030517578
07-10-2014,133.1999969482422,139.1999969482422,512,139.8000030517578,133.1999969482422,133.1999969482422
08-10-2014,123.5999984741211,133.1999969482422,1332,139.8000030517578,125.4000015258789,125.4000015258789
09-10-2014,117.5999984741211,123.5999984741211,1147,133.8000030517578,120.5999984741211,120.5999984741211
10-10-2014,117.0,120.0,672,128.39999389648438,123.0,123.0
13-10-2014,105.0,121.19999694824219,2100,121.19999694824219,105.0,105.0
14-10-2014,106.80000305175781,108.5999984741211,965,111.0,108.5999984741211,108.5999984741211
15-10-2014,102.0,104.4000015258789,883,111.0,106.19999694824219,106.19999694824219
16-10-2014,105.0,105.0,1150,123.0,117.5999984741211,117.5999984741211
17-10-2014,114.0,119.4000015258789,1017,124.19999694824219,114.5999984741211,114.5999984741211
20-10-2014,118.19999694824219,121.80000305175781,2777,138.0,119.4000015258789,119.4000015258789
21-10-2014,116.4000015258789,121.80000305175781,2258,121.80000305175781,118.19999694824219,118.19999694824219
22-10-2014,111.5999984741211,117.5999984741211,738,117.5999984741211,111.5999984741211,111.5999984741211
23-10-2014,111.0,111.0,632,112.80000305175781,112.19999694824219,112.19999694824219
24-10-2014,105.0,110.4000015258789,1033,113.4000015258789,105.0,105.0
27-10-2014,106.19999694824219,106.80000305175781,588,112.19999694824219,108.0,108.0
28-10-2014,106.19999694824219,106.19999694824219,390,109.80000305175781,108.5999984741211,108.5999984741211
29-10-2014,105.0,105.0,657,108.5999984741211,107.4000015258789,107.4000015258789
30-10-2014,107.4000015258789,108.5999984741211,392,110.4000015258789,109.19999694824219,109.19999694824219
31-10-2014,108.0,109.80000305175781,903,123.5999984741211,118.80000305175781,118.80000305175781
03-11-2014,121.19999694824219,121.19999694824219,1102,133.1999969482422,129.0,129.0
04-11-2014,123.5999984741211,129.0,383,131.39999389648438,124.80000305175781,124.80000305175781
05-11-2014,116.4000015258789,123.5999984741211,373,123.5999984741211,120.5999984741211,120.5999984741211
06-11-2014,121.19999694824219,122.4000015258789,1053,141.0,138.60000610351562,138.60000610351562
07-11-2014,127.19999694824219,138.0,775,138.0,127.80000305175781,127.80000305175781
10-11-2014,125.4000015258789,127.19999694824219,330,137.39999389648438,127.80000305175781,127.80000305175781
11-11-2014,132.60000610351562,132.60000610351562,1247,142.1999969482422,140.39999389648438,140.39999389648438
12-11-2014,121.19999694824219,130.1999969482422,1215,131.39999389648438,123.5999984741211,123.5999984741211
13-11-2014,121.19999694824219,121.19999694824219,460,130.1999969482422,123.0,123.0
14-11-2014,117.0,121.80000305175781,567,127.19999694824219,120.0,120.0
17-11-2014,111.0,121.80000305175781,268,126.5999984741211,123.5999984741211,123.5999984741211
18-11-2014,115.19999694824219,121.19999694824219,1618,125.4000015258789,123.0,123.0
19-11-2014,117.5999984741211,120.0,332,123.5999984741211,123.0,123.0
20-11-2014,121.19999694824219,124.19999694824219,1468,132.60000610351562,127.19999694824219,127.19999694824219
21-11-2014,120.5999984741211,129.0,1198,129.0,120.5999984741211,120.5999984741211
24-11-2014,120.0,120.5999984741211,528,123.0,120.0,120.0
25-11-2014,119.4000015258789,119.4000015258789,493,128.39999389648438,121.80000305175781,121.80000305175781
26-11-2014,119.4000015258789,120.0,255,124.80000305175781,123.0,123.0
28-11-2014,120.0,123.0,178,123.0,123.0,123.0
01-12-2014,120.0,123.0,293,124.19999694824219,122.4000015258789,122.4000015258789
02-12-2014,119.4000015258789,121.19999694824219,688,123.0,121.80000305175781,121.80000305175781
03-12-2014,117.5999984741211,119.4000015258789,888,132.0,123.5999984741211,123.5999984741211
04-12-2014,121.80000305175781,121.80000305175781,148,132.0,123.0,123.0
05-12-2014,120.0,121.80000305175781,417,126.0,120.0,120.0
08-12-2014,117.0,120.0,857,122.4000015258789,117.0,117.0
09-12-2014,114.0,114.0,602,121.80000305175781,118.80000305175781,118.80000305175781
10-12-2014,114.0,117.0,1035,122.4000015258789,114.5999984741211,114.5999984741211
11-12-2014,114.5999984741211,114.5999984741211,447,121.19999694824219,115.19999694824219,115.19999694824219
12-12-2014,114.0,114.0,1198,120.0,115.19999694824219,115.19999694824219
15-12-2014,114.0,114.0,665,122.4000015258789,119.4000015258789,119.4000015258789
16-12-2014,105.5999984741211,116.4000015258789,948,122.4000015258789,110.4000015258789,110.4000015258789
17-12-2014,104.4000015258789,117.0,2642,120.5999984741211,106.19999694824219,106.19999694824219
18-12-2014,104.4000015258789,106.80000305175781,867,108.0,105.5999984741211,105.5999984741211
19-12-2014,104.4000015258789,106.19999694824219,1203,108.0,108.0,108.0
22-12-2014,109.19999694824219,109.80000305175781,490,120.0,109.80000305175781,109.80000305175781
23-12-2014,105.0,108.5999984741211,352,109.19999694824219,105.0,105.0
24-12-2014,104.4000015258789,104.4000015258789,310,109.19999694824219,107.4000015258789,107.4000015258789
26-12-2014,104.4000015258789,105.5999984741211,248,109.19999694824219,105.0,105.0
29-12-2014,106.19999694824219,106.19999694824219,1347,110.4000015258789,108.0,108.0
30-12-2014,91.19999694824219,108.0,2283,111.0,94.19999694824219,94.19999694824219
31-12-2014,91.19999694824219,96.0,3037,102.0,93.0,93.0
02-01-2015,86.4000015258789,94.80000305175781,1177,110.4000015258789,94.19999694824219,94.19999694824219
05-01-2015,94.19999694824219,98.4000015258789,698,101.4000015258789,95.4000015258789,95.4000015258789
06-01-2015,93.0,98.4000015258789,287,98.4000015258789,93.0,93.0
07-01-2015,96.0,97.19999694824219,618,98.4000015258789,98.4000015258789,98.4000015258789
08-01-2015,96.5999984741211,99.0,630,99.0,98.4000015258789,98.4000015258789
09-01-2015,94.80000305175781,99.0,833,99.5999984741211,94.80000305175781,94.80000305175781
12-01-2015,94.80000305175781,99.5999984741211,162,102.0,97.19999694824219,97.19999694824219
13-01-2015,97.19999694824219,97.80000305175781,468,99.0,98.4000015258789,98.4000015258789
14-01-2015,95.4000015258789,97.19999694824219,397,98.4000015258789,95.4000015258789,95.4000015258789
15-01-2015,94.80000305175781,99.0,382,99.5999984741211,96.0,96.0
16-01-2015,93.0,96.0,378,96.0,93.0,93.0
20-01-2015,93.0,96.0,87,96.0,94.80000305175781,94.80000305175781
21-01-2015,90.0,94.80000305175781,373,94.80000305175781,91.19999694824219,91.19999694824219
22-01-2015,78.5999984741211,90.0,1655,92.4000015258789,85.80000305175781,85.80000305175781
23-01-2015,81.0,87.0,662,89.4000015258789,88.80000305175781,88.80000305175781
26-01-2015,85.19999694824219,90.0,625,94.19999694824219,85.80000305175781,85.80000305175781
27-01-2015,81.0,81.5999984741211,1233,93.0,91.19999694824219,91.19999694824219
28-01-2015,85.80000305175781,93.5999984741211,868,93.5999984741211,85.80000305175781,85.80000305175781
29-01-2015,85.19999694824219,89.4000015258789,302,89.4000015258789,85.19999694824219,85.19999694824219
30-01-2015,85.19999694824219,85.80000305175781,295,88.19999694824219,85.80000305175781,85.80000305175781
02-02-2015,85.19999694824219,85.19999694824219,395,87.5999984741211,85.19999694824219,85.19999694824219
03-02-2015,85.19999694824219,85.19999694824219,210,87.5999984741211,87.0,87.0
04-02-2015,85.19999694824219,85.19999694824219,192,87.5999984741211,86.4000015258789,86.4000015258789
05-02-2015,81.5999984741211,83.4000015258789,1210,86.4000015258789,84.5999984741211,84.5999984741211
06-02-2015,81.5999984741211,83.4000015258789,1238,85.19999694824219,83.4000015258789,83.4000015258789
09-02-2015,79.80000305175781,81.0,802,84.0,79.80000305175781,79.80000305175781
10-02-2015,75.0,76.19999694824219,1307,78.0,77.4000015258789,77.4000015258789
11-02-2015,72.0,74.4000015258789,1397,75.5999984741211,73.80000305175781,73.80000305175781
12-02-2015,72.0,72.5999984741211,1180,74.4000015258789,73.19999694824219,73.19999694824219
13-02-2015,69.0,72.5999984741211,1853,87.0,84.0,84.0
17-02-2015,69.5999984741211,84.5999984741211,825,86.4000015258789,75.5999984741211,75.5999984741211
18-02-2015,75.0,75.0,913,83.4000015258789,76.80000305175781,76.80000305175781
19-02-2015,72.5999984741211,76.80000305175781,673,78.5999984741211,75.5999984741211,75.5999984741211
20-02-2015,73.80000305175781,78.0,355,78.5999984741211,75.0,75.0
23-02-2015,72.0,72.5999984741211,345,77.4000015258789,76.19999694824219,76.19999694824219
24-02-2015,72.5999984741211,74.4000015258789,372,76.80000305175781,75.0,75.0
25-02-2015,73.80000305175781,75.0,510,75.5999984741211,75.5999984741211,75.5999984741211
26-02-2015,72.5999984741211,75.5999984741211,525,76.19999694824219,72.5999984741211,72.5999984741211
27-02-2015,72.0,75.0,458,75.0,72.5999984741211,72.5999984741211
02-03-2015,72.0,72.0,123,73.19999694824219,72.5999984741211,72.5999984741211
03-03-2015,70.80000305175781,72.0,283,72.0,71.4000015258789,71.4000015258789
04-03-2015,69.0,72.0,357,72.5999984741211,69.0,69.0
05-03-2015,66.5999984741211,69.0,500,69.5999984741211,67.19999694824219,67.19999694824219
06-03-2015,63.0,68.4000015258789,933,68.4000015258789,65.4000015258789,65.4000015258789
09-03-2015,61.79999923706055,64.19999694824219,650,66.0,61.79999923706055,61.79999923706055
10-03-2015,62.400001525878906,62.400001525878906,1698,68.4000015258789,63.599998474121094,63.599998474121094
11-03-2015,63.0,63.599998474121094,827,67.19999694824219,63.599998474121094,63.599998474121094
12-03-2015,63.0,63.0,943,68.4000015258789,67.19999694824219,67.19999694824219
13-03-2015,66.5999984741211,70.19999694824219,392,70.80000305175781,68.4000015258789,68.4000015258789
16-03-2015,68.4000015258789,69.0,768,73.19999694824219,72.0,72.0
17-03-2015,66.5999984741211,72.5999984741211,1230,72.5999984741211,69.5999984741211,69.5999984741211
18-03-2015,68.4000015258789,71.4000015258789,838,71.4000015258789,68.4000015258789,68.4000015258789
19-03-2015,64.19999694824219,68.4000015258789,710,68.4000015258789,65.4000015258789,65.4000015258789
20-03-2015,63.0,66.5999984741211,1438,66.5999984741211,63.0,63.0
23-03-2015,61.79999923706055,61.79999923706055,793,68.4000015258789,65.4000015258789,65.4000015258789
24-03-2015,62.400001525878906,63.599998474121094,202,65.4000015258789,64.19999694824219,64.19999694824219
25-03-2015,63.0,63.0,812,65.4000015258789,63.599998474121094,63.599998474121094
26-03-2015,62.400001525878906,64.80000305175781,808,67.80000305175781,66.5999984741211,66.5999984741211
27-03-2015,63.0,63.0,315,68.4000015258789,67.19999694824219,67.19999694824219
30-03-2015,67.19999694824219,69.0,220,69.0,68.4000015258789,68.4000015258789
31-03-2015,68.4000015258789,69.0,703,74.4000015258789,74.4000015258789,74.4000015258789
01-04-2015,73.19999694824219,75.5999984741211,2038,91.19999694824219,75.5999984741211,75.5999984741211
02-04-2015,70.19999694824219,78.5999984741211,723,78.5999984741211,71.4000015258789,71.4000015258789
06-04-2015,71.4000015258789,71.4000015258789,215,80.4000015258789,73.80000305175781,73.80000305175781
07-04-2015,74.4000015258789,74.4000015258789,238,79.19999694824219,75.5999984741211,75.5999984741211
08-04-2015,75.5999984741211,75.5999984741211,165,76.80000305175781,75.5999984741211,75.5999984741211
09-04-2015,75.5999984741211,75.5999984741211,78,76.80000305175781,76.19999694824219,76.19999694824219
10-04-2015,75.0,76.19999694824219,602,81.0,76.19999694824219,76.19999694824219
13-04-2015,75.5999984741211,81.5999984741211,772,81.5999984741211,77.4000015258789,77.4000015258789
14-04-2015,73.80000305175781,75.5999984741211,425,78.0,76.80000305175781,76.80000305175781
15-04-2015,75.5999984741211,78.0,175,78.0,78.0,78.0
16-04-2015,75.0,78.0,563,80.4000015258789,76.80000305175781,76.80000305175781
17-04-2015,73.19999694824219,78.5999984741211,78,78.5999984741211,75.0,75.0
20-04-2015,74.4000015258789,77.4000015258789,608,79.80000305175781,78.0,78.0
21-04-2015,78.5999984741211,78.5999984741211,155,80.4000015258789,79.80000305175781,79.80000305175781
22-04-2015,72.0,80.4000015258789,4983,96.0,87.0,87.0
23-04-2015,81.0,84.5999984741211,985,86.4000015258789,84.5999984741211,84.5999984741211
24-04-2015,84.0,84.0,2045,94.19999694824219,91.19999694824219,91.19999694824219
27-04-2015,82.80000305175781,93.0,1295,99.5999984741211,87.0,87.0
28-04-2015,82.19999694824219,88.19999694824219,825,88.19999694824219,83.4000015258789,83.4000015258789
29-04-2015,75.0,82.19999694824219,1280,83.4000015258789,75.0,75.0
30-04-2015,72.0,76.80000305175781,520,79.80000305175781,73.80000305175781,73.80000305175781
01-05-2015,72.0,74.4000015258789,352,78.5999984741211,72.0,72.0
04-05-2015,72.0,72.0,442,76.19999694824219,72.5999984741211,72.5999984741211
05-05-2015,72.0,72.0,322,78.0,72.0,72.0
06-05-2015,73.19999694824219,75.0,542,75.0,73.80000305175781,73.80000305175781
07-05-2015,72.0,72.0,968,75.0,75.0,75.0
08-05-2015,72.0,75.0,270,75.0,72.5999984741211,72.5999984741211
11-05-2015,72.0,78.0,127,78.0,73.80000305175781,73.80000305175781
12-05-2015,73.80000305175781,75.5999984741211,1517,87.0,80.4000015258789,80.4000015258789
13-05-2015,78.5999984741211,78.5999984741211,355,83.4000015258789,81.5999984741211,81.5999984741211
14-05-2015,81.0,85.19999694824219,377,85.19999694824219,81.0,81.0
15-05-2015,81.0,81.0,347,85.80000305175781,83.4000015258789,83.4000015258789
18-05-2015,105.0,110.4000015258789,252432,175.1999969482422,108.0,108.0
19-05-2015,93.5999984741211,103.80000305175781,29215,107.4000015258789,95.4000015258789,95.4000015258789
20-05-2015,84.5999984741211,94.19999694824219,14023,99.0,85.80000305175781,85.80000305175781
21-05-2015,78.0,88.80000305175781,14012,92.4000015258789,80.4000015258789,80.4000015258789
22-05-2015,75.5999984741211,82.19999694824219,7800,85.80000305175781,78.0,78.0
26-05-2015,71.4000015258789,76.19999694824219,5510,81.0,73.19999694824219,73.19999694824219
27-05-2015,72.0,72.0,4673,81.0,76.19999694824219,76.19999694824219
28-05-2015,75.5999984741211,78.0,4900,84.5999984741211,75.5999984741211,75.5999984741211
29-05-2015,73.19999694824219,75.5999984741211,3058,81.5999984741211,73.80000305175781,73.80000305175781
01-06-2015,73.19999694824219,75.0,3672,80.4000015258789,78.0,78.0
02-06-2015,77.4000015258789,82.80000305175781,5285,85.80000305175781,81.0,81.0
03-06-2015,78.5999984741211,82.80000305175781,4838,86.4000015258789,78.5999984741211,78.5999984741211
04-06-2015,78.5999984741211,81.5999984741211,47365,106.80000305175781,103.19999694824219,103.19999694824219
05-06-2015,79.19999694824219,106.19999694824219,48892,108.0,81.0,81.0
08-06-2015,78.0,79.80000305175781,4742,82.80000305175781,78.0,78.0
09-06-2015,73.19999694824219,81.0,8827,81.0,73.80000305175781,73.80000305175781
10-06-2015,71.4000015258789,75.0,9143,75.5999984741211,71.4000015258789,71.4000015258789
11-06-2015,67.80000305175781,72.0,4787,72.0,69.0,69.0
12-06-2015,66.5999984741211,69.0,5743,73.80000305175781,70.80000305175781,70.80000305175781
15-06-2015,67.80000305175781,73.80000305175781,3652,73.80000305175781,67.80000305175781,67.80000305175781
16-06-2015,67.19999694824219,69.0,4527,73.19999694824219,70.19999694824219,70.19999694824219
17-06-2015,70.80000305175781,72.5999984741211,3240,74.4000015258789,72.5999984741211,72.5999984741211
18-06-2015,72.0,73.19999694824219,4062,75.5999984741211,72.0,72.0
19-06-2015,72.0,72.0,5582,80.4000015258789,76.80000305175781,76.80000305175781
22-06-2015,72.5999984741211,79.19999694824219,3813,79.19999694824219,74.4000015258789,74.4000015258789
23-06-2015,69.0,73.19999694824219,4275,73.80000305175781,70.19999694824219,70.19999694824219
24-06-2015,70.80000305175781,72.5999984741211,2363,72.5999984741211,70.80000305175781,70.80000305175781
25-06-2015,70.80000305175781,72.0,1693,72.0,70.80000305175781,70.80000305175781
26-06-2015,68.4000015258789,71.4000015258789,1085,71.4000015258789,68.4000015258789,68.4000015258789
29-06-2015,65.4000015258789,69.0,3485,69.0,65.4000015258789,65.4000015258789
30-06-2015,66.5999984741211,66.5999984741211,1045,69.5999984741211,67.19999694824219,67.19999694824219
01-07-2015,64.80000305175781,67.19999694824219,2697,70.80000305175781,64.80000305175781,64.80000305175781
02-07-2015,61.79999923706055,64.80000305175781,5917,66.0,62.400001525878906,62.400001525878906
06-07-2015,64.19999694824219,70.19999694824219,4002,70.19999694824219,64.19999694824219,64.19999694824219
07-07-2015,60.0,67.19999694824219,5602,68.4000015258789,61.20000076293945,61.20000076293945
08-07-2015,60.0,64.19999694824219,4073,64.19999694824219,62.400001525878906,62.400001525878906
09-07-2015,60.0,66.0,8845,67.19999694824219,60.0,60.0
10-07-2015,59.400001525878906,63.0,2903,63.0,61.20000076293945,61.20000076293945
13-07-2015,60.599998474121094,63.0,1367,63.599998474121094,61.20000076293945,61.20000076293945
14-07-2015,60.599998474121094,60.599998474121094,2743,65.4000015258789,65.4000015258789,65.4000015258789
15-07-2015,61.20000076293945,65.4000015258789,4402,68.4000015258789,62.400001525878906,62.400001525878906
16-07-2015,60.599998474121094,62.400001525878906,2512,63.599998474121094,61.79999923706055,61.79999923706055
17-07-2015,60.599998474121094,63.599998474121094,1360,63.599998474121094,61.79999923706055,61.79999923706055
20-07-2015,54.599998474121094,61.79999923706055,4487,61.79999923706055,56.400001525878906,56.400001525878906
21-07-2015,54.599998474121094,57.0,2837,58.20000076293945,54.599998474121094,54.599998474121094
22-07-2015,54.599998474121094,55.20000076293945,975,57.0,57.0,57.0
23-07-2015,54.0,57.0,2190,57.0,54.599998474121094,54.599998474121094
24-07-2015,45.0,55.79999923706055,4523,55.79999923706055,48.0,48.0
27-07-2015,47.400001525878906,48.0,2588,54.0,49.79999923706055,49.79999923706055
28-07-2015,48.0,51.0,950,53.400001525878906,51.0,51.0
29-07-2015,46.79999923706055,50.400001525878906,1577,52.20000076293945,51.0,51.0
30-07-2015,48.0,49.79999923706055,515,50.400001525878906,49.20000076293945,49.20000076293945
31-07-2015,48.599998474121094,50.400001525878906,793,51.599998474121094,49.79999923706055,49.79999923706055
03-08-2015,51.0,51.0,1042,57.0,52.20000076293945,52.20000076293945
04-08-2015,51.0,52.20000076293945,355,56.400001525878906,52.20000076293945,52.20000076293945
05-08-2015,51.599998474121094,52.79999923706055,1377,55.79999923706055,54.0,54.0
06-08-2015,52.79999923706055,55.79999923706055,1367,55.79999923706055,55.79999923706055,55.79999923706055
07-08-2015,55.20000076293945,57.599998474121094,1212,58.79999923706055,58.79999923706055,58.79999923706055
10-08-2015,59.400001525878906,60.0,2100,65.4000015258789,64.19999694824219,64.19999694824219
11-08-2015,60.0,65.4000015258789,1382,66.0,60.599998474121094,60.599998474121094
12-08-2015,58.20000076293945,60.0,1072,63.599998474121094,63.0,63.0
13-08-2015,57.0,61.20000076293945,790,61.20000076293945,59.400001525878906,59.400001525878906
14-08-2015,57.599998474121094,57.599998474121094,230,63.599998474121094,61.20000076293945,61.20000076293945
17-08-2015,61.20000076293945,63.0,597,63.0,61.79999923706055,61.79999923706055
18-08-2015,57.0,61.79999923706055,1490,61.79999923706055,58.79999923706055,58.79999923706055
19-08-2015,60.0,60.0,2260,63.599998474121094,63.0,63.0
20-08-2015,60.0,61.79999923706055,752,63.0,60.599998474121094,60.599998474121094
21-08-2015,55.79999923706055,60.0,1228,61.20000076293945,58.79999923706055,58.79999923706055
24-08-2015,54.0,55.79999923706055,1650,61.79999923706055,56.400001525878906,56.400001525878906
25-08-2015,55.79999923706055,60.0,1273,61.20000076293945,57.0,57.0
26-08-2015,56.400001525878906,56.400001525878906,290,60.0,59.400001525878906,59.400001525878906
27-08-2015,57.0,57.0,723,64.80000305175781,60.599998474121094,60.599998474121094
28-08-2015,58.20000076293945,58.79999923706055,1390,64.80000305175781,63.0,63.0
31-08-2015,56.400001525878906,63.0,2313,63.0,58.79999923706055,58.79999923706055
01-09-2015,55.20000076293945,60.0,728,60.0,57.0,57.0
02-09-2015,54.599998474121094,57.0,538,58.79999923706055,55.20000076293945,55.20000076293945
03-09-2015,55.20000076293945,56.400001525878906,253,57.599998474121094,57.0,57.0
04-09-2015,54.599998474121094,57.599998474121094,305,57.599998474121094,55.20000076293945,55.20000076293945
08-09-2015,55.20000076293945,57.599998474121094,1842,60.599998474121094,57.0,57.0
09-09-2015,58.79999923706055,58.79999923706055,1680,63.0,61.79999923706055,61.79999923706055
10-09-2015,59.400001525878906,59.400001525878906,2195,64.80000305175781,64.80000305175781,64.80000305175781
11-09-2015,61.79999923706055,64.80000305175781,1188,64.80000305175781,63.599998474121094,63.599998474121094
14-09-2015,60.599998474121094,66.0,85645,84.5999984741211,61.79999923706055,61.79999923706055
15-09-2015,55.20000076293945,64.19999694824219,4553,64.19999694824219,57.0,57.0
16-09-2015,53.400001525878906,55.20000076293945,2562,58.79999923706055,57.0,57.0
17-09-2015,55.20000076293945,55.20000076293945,1832,58.79999923706055,58.79999923706055,58.79999923706055
18-09-2015,55.79999923706055,58.20000076293945,1370,60.0,55.79999923706055,55.79999923706055
21-09-2015,54.0,56.400001525878906,793,57.0,55.20000076293945,55.20000076293945
22-09-2015,54.0,54.0,605,56.400001525878906,54.599998474121094,54.599998474121094
23-09-2015,52.79999923706055,55.20000076293945,687,55.20000076293945,53.400001525878906,53.400001525878906
24-09-2015,51.0,53.400001525878906,1082,53.400001525878906,52.20000076293945,52.20000076293945
25-09-2015,51.599998474121094,51.599998474121094,1422,55.79999923706055,55.79999923706055,55.79999923706055
28-09-2015,51.599998474121094,52.79999923706055,833,54.599998474121094,53.400001525878906,53.400001525878906
29-09-2015,51.599998474121094,53.400001525878906,365,53.400001525878906,52.20000076293945,52.20000076293945
30-09-2015,49.20000076293945,51.599998474121094,1633,52.79999923706055,49.79999923706055,49.79999923706055
01-10-2015,48.0,50.400001525878906,625,50.400001525878906,48.599998474121094,48.599998474121094
02-10-2015,45.0,48.0,1197,49.20000076293945,48.0,48.0
05-10-2015,49.20000076293945,50.400001525878906,1028,54.0,53.400001525878906,53.400001525878906
06-10-2015,49.79999923706055,55.20000076293945,1070,56.400001525878906,54.599998474121094,54.599998474121094
07-10-2015,52.20000076293945,55.79999923706055,1305,58.79999923706055,54.599998474121094,54.599998474121094
08-10-2015,54.0,55.20000076293945,293,57.599998474121094,54.599998474121094,54.599998474121094
09-10-2015,54.0,55.20000076293945,1555,58.79999923706055,57.0,57.0
12-10-2015,56.400001525878906,57.599998474121094,358,57.599998474121094,56.400001525878906,56.400001525878906
13-10-2015,57.0,58.20000076293945,190,59.400001525878906,58.79999923706055,58.79999923706055
14-10-2015,57.0,58.79999923706055,452,60.0,58.79999923706055,58.79999923706055
15-10-2015,57.599998474121094,58.20000076293945,1755,63.599998474121094,61.79999923706055,61.79999923706055
16-10-2015,60.599998474121094,62.400001525878906,738,62.400001525878906,61.20000076293945,61.20000076293945
19-10-2015,60.599998474121094,65.4000015258789,31500,79.19999694824219,61.79999923706055,61.79999923706055
20-10-2015,60.0,64.80000305175781,2597,64.80000305175781,60.599998474121094,60.599998474121094
21-10-2015,60.0,60.599998474121094,992,61.79999923706055,61.79999923706055,61.79999923706055
22-10-2015,60.0,64.80000305175781,457,64.80000305175781,60.0,60.0
23-10-2015,58.79999923706055,60.0,1040,61.20000076293945,61.20000076293945,61.20000076293945
26-10-2015,60.599998474121094,60.599998474121094,440,61.20000076293945,61.20000076293945,61.20000076293945
27-10-2015,58.20000076293945,59.400001525878906,1183,59.400001525878906,58.79999923706055,58.79999923706055
28-10-2015,60.0,60.0,483,61.20000076293945,61.20000076293945,61.20000076293945
29-10-2015,58.79999923706055,58.79999923706055,368,60.0,60.0,60.0
30-10-2015,58.20000076293945,58.79999923706055,1465,60.599998474121094,60.599998474121094,60.599998474121094
02-11-2015,58.79999923706055,60.0,658,60.599998474121094,60.0,60.0
03-11-2015,57.599998474121094,60.599998474121094,695,60.599998474121094,60.599998474121094,60.599998474121094
04-11-2015,59.400001525878906,59.400001525878906,725,60.599998474121094,60.0,60.0
05-11-2015,57.599998474121094,61.20000076293945,1915,63.599998474121094,61.20000076293945,61.20000076293945
06-11-2015,57.0,61.20000076293945,1112,61.20000076293945,57.0,57.0
09-11-2015,57.0,58.20000076293945,237,58.20000076293945,57.0,57.0
10-11-2015,57.0,57.0,53,58.20000076293945,57.0,57.0
11-11-2015,57.0,57.0,297,58.20000076293945,58.20000076293945,58.20000076293945
12-11-2015,57.0,57.599998474121094,122,58.20000076293945,58.20000076293945,58.20000076293945
13-11-2015,55.79999923706055,57.599998474121094,462,58.20000076293945,57.599998474121094,57.599998474121094
16-11-2015,54.599998474121094,55.79999923706055,287,57.599998474121094,55.79999923706055,55.79999923706055
17-11-2015,54.0,57.599998474121094,348,57.599998474121094,55.79999923706055,55.79999923706055
18-11-2015,52.79999923706055,54.0,440,57.599998474121094,52.79999923706055,52.79999923706055
19-11-2015,52.20000076293945,52.20000076293945,1180,56.400001525878906,54.0,54.0
20-11-2015,52.79999923706055,55.20000076293945,595,57.599998474121094,55.20000076293945,55.20000076293945
23-11-2015,52.20000076293945,53.400001525878906,1033,55.79999923706055,55.20000076293945,55.20000076293945
24-11-2015,52.79999923706055,55.79999923706055,462,55.79999923706055,53.400001525878906,53.400001525878906
25-11-2015,54.599998474121094,55.20000076293945,188,55.20000076293945,55.20000076293945,55.20000076293945
27-11-2015,54.0,54.599998474121094,103,55.20000076293945,54.599998474121094,54.599998474121094
30-11-2015,54.0,54.0,510,57.0,55.79999923706055,55.79999923706055
01-12-2015,52.79999923706055,57.0,827,57.0,55.79999923706055,55.79999923706055
02-12-2015,54.0,57.0,905,57.599998474121094,55.79999923706055,55.79999923706055
03-12-2015,51.0,54.0,612,57.0,55.79999923706055,55.79999923706055
04-12-2015,52.20000076293945,56.400001525878906,295,57.0,56.400001525878906,56.400001525878906
07-12-2015,51.0,54.0,568,57.0,51.0,51.0
08-12-2015,52.79999923706055,55.20000076293945,1037,57.599998474121094,56.400001525878906,56.400001525878906
09-12-2015,56.400001525878906,57.0,577,58.79999923706055,57.599998474121094,57.599998474121094
10-12-2015,57.0,58.20000076293945,607,60.0,59.400001525878906,59.400001525878906
11-12-2015,54.0,58.79999923706055,427,59.400001525878906,57.599998474121094,57.599998474121094
14-12-2015,54.0,54.599998474121094,575,58.20000076293945,56.400001525878906,56.400001525878906
15-12-2015,53.400001525878906,56.400001525878906,798,57.0,53.400001525878906,53.400001525878906
16-12-2015,53.400001525878906,53.400001525878906,333,57.0,54.0,54.0
17-12-2015,52.79999923706055,55.79999923706055,787,56.400001525878906,54.0,54.0
18-12-2015,51.599998474121094,55.20000076293945,1570,56.400001525878906,52.20000076293945,52.20000076293945
21-12-2015,55.79999923706055,58.20000076293945,11928,69.0,57.0,57.0
22-12-2015,57.0,57.0,927,61.20000076293945,57.599998474121094,57.599998474121094
23-12-2015,55.79999923706055,55.79999923706055,1862,64.80000305175781,61.79999923706055,61.79999923706055
24-12-2015,58.79999923706055,60.0,602,64.19999694824219,61.20000076293945,61.20000076293945
28-12-2015,58.20000076293945,60.599998474121094,900,64.80000305175781,60.0,60.0
29-12-2015,58.79999923706055,61.20000076293945,425,63.0,60.599998474121094,60.599998474121094
30-12-2015,58.79999923706055,61.79999923706055,890,63.0,58.79999923706055,58.79999923706055
31-12-2015,59.400001525878906,59.400001525878906,1110,63.0,60.0,60.0
04-01-2016,57.599998474121094,59.400001525878906,528,59.400001525878906,57.599998474121094,57.599998474121094
05-01-2016,56.400001525878906,57.599998474121094,313,57.599998474121094,57.0,57.0
06-01-2016,55.20000076293945,58.79999923706055,547,58.79999923706055,57.0,57.0
07-01-2016,55.20000076293945,58.20000076293945,743,59.400001525878906,55.20000076293945,55.20000076293945
08-01-2016,52.20000076293945,59.400001525878906,1250,60.0,52.20000076293945,52.20000076293945
11-01-2016,52.79999923706055,55.20000076293945,552,55.20000076293945,52.79999923706055,52.79999923706055
12-01-2016,50.400001525878906,59.400001525878906,2407,61.79999923706055,52.79999923706055,52.79999923706055
13-01-2016,49.79999923706055,50.400001525878906,1222,54.0,49.79999923706055,49.79999923706055
14-01-2016,48.0,49.79999923706055,972,53.400001525878906,50.400001525878906,50.400001525878906
15-01-2016,46.20000076293945,51.0,2577,53.400001525878906,51.599998474121094,51.599998474121094
19-01-2016,45.599998474121094,52.20000076293945,1568,52.20000076293945,46.20000076293945,46.20000076293945
20-01-2016,30.600000381469727,47.400001525878906,2402,47.400001525878906,34.79999923706055,34.79999923706055
21-01-2016,40.20000076293945,60.0,6668,60.0,46.20000076293945,46.20000076293945
22-01-2016,40.79999923706055,42.599998474121094,572,46.79999923706055,44.400001525878906,44.400001525878906
25-01-2016,42.0,43.79999923706055,893,44.400001525878906,42.599998474121094,42.599998474121094
26-01-2016,42.599998474121094,43.20000076293945,1220,45.0,43.20000076293945,43.20000076293945
27-01-2016,42.0,45.0,603,45.0,43.20000076293945,43.20000076293945
28-01-2016,40.79999923706055,43.20000076293945,2512,44.400001525878906,41.400001525878906,41.400001525878906
29-01-2016,40.20000076293945,42.599998474121094,1050,43.79999923706055,42.0,42.0
01-02-2016,39.599998474121094,42.599998474121094,1113,43.20000076293945,43.20000076293945,43.20000076293945
02-02-2016,39.0,42.599998474121094,953,42.599998474121094,42.0,42.0
03-02-2016,37.20000076293945,42.599998474121094,1338,42.599998474121094,38.400001525878906,38.400001525878906
04-02-2016,39.0,39.0,1410,49.79999923706055,42.0,42.0
05-02-2016,40.20000076293945,41.400001525878906,1422,45.599998474121094,42.599998474121094,42.599998474121094
08-02-2016,37.20000076293945,41.400001525878906,405,41.400001525878906,39.0,39.0
09-02-2016,39.0,42.0,402,42.0,40.79999923706055,40.79999923706055
10-02-2016,39.599998474121094,41.400001525878906,243,42.0,42.0,42.0
11-02-2016,39.0,42.0,113,42.0,41.400001525878906,41.400001525878906
12-02-2016,39.599998474121094,41.400001525878906,103,41.400001525878906,39.599998474121094,39.599998474121094
16-02-2016,40.79999923706055,42.0,385,43.20000076293945,43.20000076293945,43.20000076293945
17-02-2016,39.599998474121094,43.20000076293945,442,43.20000076293945,41.400001525878906,41.400001525878906
18-02-2016,40.20000076293945,42.0,245,42.599998474121094,40.79999923706055,40.79999923706055
19-02-2016,38.400001525878906,40.20000076293945,2068,42.599998474121094,38.400001525878906,38.400001525878906
22-02-2016,39.0,39.0,587,42.0,41.400001525878906,41.400001525878906
23-02-2016,39.0,40.79999923706055,518,42.599998474121094,41.400001525878906,41.400001525878906
24-02-2016,37.79999923706055,39.599998474121094,1612,41.400001525878906,39.0,39.0
25-02-2016,39.0,40.79999923706055,348,40.79999923706055,39.599998474121094,39.599998474121094
26-02-2016,39.0,41.400001525878906,530,41.400001525878906,39.0,39.0
29-02-2016,36.599998474121094,40.20000076293945,897,40.79999923706055,37.79999923706055,37.79999923706055
01-03-2016,37.79999923706055,37.79999923706055,788,40.20000076293945,39.0,39.0
02-03-2016,37.79999923706055,39.0,1543,40.20000076293945,38.400001525878906,38.400001525878906
03-03-2016,38.400001525878906,38.400001525878906,1967,39.599998474121094,38.400001525878906,38.400001525878906
04-03-2016,35.400001525878906,37.79999923706055,2562,39.0,36.0,36.0
07-03-2016,30.600000381469727,36.0,1162,36.599998474121094,34.79999923706055,34.79999923706055
08-03-2016,31.200000762939453,34.79999923706055,2390,36.0,36.0,36.0
09-03-2016,33.0,36.599998474121094,1395,36.599998474121094,34.20000076293945,34.20000076293945
10-03-2016,34.20000076293945,36.599998474121094,967,36.599998474121094,36.599998474121094,36.599998474121094
11-03-2016,36.599998474121094,39.0,1280,42.0,38.400001525878906,38.400001525878906
14-03-2016,39.0,39.0,1687,42.0,42.0,42.0
15-03-2016,35.400001525878906,46.79999923706055,2903,46.79999923706055,40.79999923706055,40.79999923706055
16-03-2016,33.0,42.0,7268,42.0,34.79999923706055,34.79999923706055
17-03-2016,33.0,34.79999923706055,3035,37.79999923706055,35.400001525878906,35.400001525878906
18-03-2016,36.0,36.0,1650,39.0,36.0,36.0
21-03-2016,36.599998474121094,36.599998474121094,1973,39.599998474121094,38.400001525878906,38.400001525878906
22-03-2016,36.0,39.0,1517,39.0,37.20000076293945,37.20000076293945
23-03-2016,36.0,37.20000076293945,2243,37.79999923706055,36.599998474121094,36.599998474121094
24-03-2016,36.599998474121094,37.20000076293945,1353,37.79999923706055,36.599998474121094,36.599998474121094
28-03-2016,34.20000076293945,36.599998474121094,2735,37.20000076293945,34.79999923706055,34.79999923706055
29-03-2016,34.20000076293945,34.79999923706055,3033,36.0,34.20000076293945,34.20000076293945
30-03-2016,34.20000076293945,34.79999923706055,1138,38.400001525878906,34.79999923706055,34.79999923706055
31-03-2016,33.599998474121094,35.400001525878906,1477,35.400001525878906,33.599998474121094,33.599998474121094
01-04-2016,33.599998474121094,34.79999923706055,1113,35.400001525878906,33.599998474121094,33.599998474121094
04-04-2016,34.20000076293945,34.79999923706055,903,35.400001525878906,35.400001525878906,35.400001525878906
05-04-2016,33.0,35.400001525878906,1538,36.0,34.20000076293945,34.20000076293945
06-04-2016,31.799999237060547,34.20000076293945,1370,34.20000076293945,31.799999237060547,31.799999237060547
07-04-2016,30.600000381469727,31.799999237060547,1650,33.0,31.200000762939453,31.200000762939453
08-04-2016,31.200000762939453,33.0,1197,33.0,31.799999237060547,31.799999237060547
11-04-2016,31.799999237060547,31.799999237060547,1308,32.400001525878906,31.799999237060547,31.799999237060547
12-04-2016,31.200000762939453,31.200000762939453,1790,34.20000076293945,34.20000076293945,34.20000076293945
13-04-2016,33.599998474121094,34.79999923706055,1673,35.400001525878906,33.599998474121094,33.599998474121094
14-04-2016,32.400001525878906,35.400001525878906,1412,36.0,34.79999923706055,34.79999923706055
15-04-2016,30.600000381469727,34.79999923706055,2792,34.79999923706055,32.400001525878906,32.400001525878906
18-04-2016,30.600000381469727,33.0,1532,33.599998474121094,30.600000381469727,30.600000381469727
19-04-2016,27.0,31.200000762939453,4002,31.799999237060547,30.0,30.0
20-04-2016,27.0,30.0,2547,30.0,28.200000762939453,28.200000762939453
21-04-2016,27.0,28.799999237060547,2575,30.0,28.799999237060547,28.799999237060547
22-04-2016,27.0,29.399999618530273,1617,30.0,27.600000381469727,27.600000381469727
25-04-2016,24.600000381469727,29.399999618530273,1367,29.399999618530273,27.0,27.0
26-04-2016,24.600000381469727,25.200000762939453,3568,27.0,24.600000381469727,24.600000381469727
27-04-2016,24.600000381469727,24.600000381469727,2148,26.399999618530273,25.200000762939453,25.200000762939453
28-04-2016,24.600000381469727,25.799999237060547,1308,26.399999618530273,25.799999237060547,25.799999237060547
29-04-2016,24.600000381469727,25.200000762939453,1440,26.399999618530273,24.600000381469727,24.600000381469727
02-05-2016,24.600000381469727,24.600000381469727,493,26.399999618530273,25.200000762939453,25.200000762939453
03-05-2016,25.799999237060547,25.799999237060547,1378,26.399999618530273,25.799999237060547,25.799999237060547
04-05-2016,24.600000381469727,25.799999237060547,458,25.799999237060547,25.200000762939453,25.200000762939453
05-05-2016,25.200000762939453,26.399999618530273,1145,26.399999618530273,25.799999237060547,25.799999237060547
06-05-2016,26.399999618530273,26.399999618530273,1742,28.200000762939453,27.600000381469727,27.600000381469727
09-05-2016,28.200000762939453,28.200000762939453,5718,33.0,31.200000762939453,31.200000762939453
10-05-2016,30.0,31.799999237060547,1530,31.799999237060547,30.0,30.0
11-05-2016,27.0,31.799999237060547,3913,33.0,28.200000762939453,28.200000762939453
12-05-2016,28.200000762939453,29.399999618530273,1858,31.200000762939453,28.200000762939453,28.200000762939453
13-05-2016,27.600000381469727,28.200000762939453,1130,29.399999618530273,28.799999237060547,28.799999237060547
16-05-2016,27.600000381469727,28.799999237060547,1828,29.399999618530273,28.200000762939453,28.200000762939453
17-05-2016,28.200000762939453,28.799999237060547,1297,29.399999618530273,28.200000762939453,28.200000762939453
18-05-2016,27.600000381469727,28.200000762939453,1088,28.799999237060547,27.600000381469727,27.600000381469727
19-05-2016,27.0,28.200000762939453,1485,30.0,27.600000381469727,27.600000381469727
20-05-2016,26.399999618530273,28.200000762939453,2918,29.399999618530273,27.0,27.0
23-05-2016,27.0,27.0,2118,28.799999237060547,27.600000381469727,27.600000381469727
24-05-2016,27.600000381469727,28.200000762939453,1505,28.799999237060547,27.600000381469727,27.600000381469727
25-05-2016,27.600000381469727,28.200000762939453,1555,29.399999618530273,28.200000762939453,28.200000762939453
26-05-2016,27.600000381469727,28.200000762939453,903,29.399999618530273,28.200000762939453,28.200000762939453
27-05-2016,27.0,28.200000762939453,1005,28.799999237060547,27.0,27.0
31-05-2016,27.600000381469727,28.200000762939453,1537,29.399999618530273,28.799999237060547,28.799999237060547
01-06-2016,28.200000762939453,29.399999618530273,1455,29.399999618530273,29.399999618530273,29.399999618530273
02-06-2016,28.200000762939453,29.399999618530273,7182,31.200000762939453,29.399999618530273,29.399999618530273
03-06-2016,25.200000762939453,29.399999618530273,10670,29.399999618530273,27.0,27.0
06-06-2016,24.0,28.200000762939453,5422,28.799999237060547,27.600000381469727,27.600000381469727
07-06-2016,24.600000381469727,28.200000762939453,11535,30.0,25.799999237060547,25.799999237060547
08-06-2016,25.200000762939453,25.799999237060547,2203,27.0,25.799999237060547,25.799999237060547
09-06-2016,24.600000381469727,26.399999618530273,3017,27.0,25.200000762939453,25.200000762939453
10-06-2016,24.0,25.799999237060547,1820,25.799999237060547,24.600000381469727,24.600000381469727
13-06-2016,21.0,24.0,3208,25.200000762939453,21.600000381469727,21.600000381469727
14-06-2016,21.0,21.600000381469727,3010,22.799999237060547,21.0,21.0
15-06-2016,21.0,21.600000381469727,2797,25.200000762939453,25.200000762939453,25.200000762939453
16-06-2016,21.600000381469727,25.200000762939453,935,25.200000762939453,25.200000762939453,25.200000762939453
17-06-2016,21.600000381469727,25.200000762939453,6993,25.200000762939453,21.600000381469727,21.600000381469727
20-06-2016,22.799999237060547,22.799999237060547,3677,25.799999237060547,24.0,24.0
21-06-2016,25.200000762939453,26.399999618530273,2198,26.399999618530273,25.799999237060547,25.799999237060547
22-06-2016,24.600000381469727,26.399999618530273,702,26.399999618530273,26.399999618530273,26.399999618530273
23-06-2016,24.600000381469727,25.799999237060547,1073,25.799999237060547,24.600000381469727,24.600000381469727
24-06-2016,23.399999618530273,23.399999618530273,865,24.600000381469727,23.399999618530273,23.399999618530273
27-06-2016,23.399999618530273,23.399999618530273,1088,25.200000762939453,23.399999618530273,23.399999618530273
28-06-2016,23.399999618530273,24.0,1715,25.200000762939453,25.200000762939453,25.200000762939453
29-06-2016,25.799999237060547,28.200000762939453,5618,29.399999618530273,27.0,27.0
30-06-2016,27.0,28.799999237060547,2362,29.399999618530273,27.600000381469727,27.600000381469727
01-07-2016,27.600000381469727,27.600000381469727,1825,31.200000762939453,30.0,30.0
05-07-2016,31.799999237060547,31.799999237060547,25578,42.599998474121094,40.79999923706055,40.79999923706055
06-07-2016,31.799999237060547,39.0,5583,39.0,33.599998474121094,33.599998474121094
07-07-2016,31.200000762939453,34.20000076293945,1768,34.79999923706055,31.200000762939453,31.200000762939453
08-07-2016,30.600000381469727,31.799999237060547,1492,33.0,32.400001525878906,32.400001525878906
11-07-2016,30.600000381469727,33.0,3023,36.0,36.0,36.0
12-07-2016,36.0,36.0,3113,39.0,37.79999923706055,37.79999923706055
13-07-2016,36.0,39.0,3117,39.599998474121094,36.0,36.0
14-07-2016,36.0,36.0,2120,37.79999923706055,36.599998474121094,36.599998474121094
15-07-2016,30.0,36.599998474121094,3830,36.599998474121094,34.20000076293945,34.20000076293945
18-07-2016,32.400001525878906,33.599998474121094,1377,34.20000076293945,33.0,33.0
19-07-2016,33.0,33.599998474121094,1407,37.20000076293945,34.79999923706055,34.79999923706055
20-07-2016,30.600000381469727,38.63999938964844,3817,38.63999938964844,36.2400016784668,36.2400016784668
21-07-2016,33.599998474121094,36.0,2533,36.47999954223633,33.720001220703125,33.720001220703125
22-07-2016,33.720001220703125,35.63999938964844,2967,35.63999938964844,34.79999923706055,34.79999923706055
25-07-2016,33.599998474121094,35.400001525878906,2417,38.279998779296875,33.599998474121094,33.599998474121094
26-07-2016,33.84000015258789,33.84000015258789,4425,39.84000015258789,34.439998626708984,34.439998626708984
27-07-2016,34.439998626708984,34.79999923706055,1750,35.63999938964844,35.63999938964844,35.63999938964844
28-07-2016,36.2400016784668,38.400001525878906,6592,43.79999923706055,41.52000045776367,41.52000045776367
29-07-2016,37.79999923706055,42.2400016784668,4275,42.2400016784668,38.880001068115234,38.880001068115234
01-08-2016,38.400001525878906,38.63999938964844,3125,41.279998779296875,41.279998779296875,41.279998779296875
02-08-2016,38.7599983215332,40.79999923706055,3258,40.79999923706055,39.0,39.0
03-08-2016,36.119998931884766,39.119998931884766,8142,40.91999816894531,37.439998626708984,37.439998626708984
04-08-2016,37.20000076293945,37.31999969482422,1525,38.52000045776367,37.439998626708984,37.439998626708984
05-08-2016,36.119998931884766,37.79999923706055,2033,38.15999984741211,36.599998474121094,36.599998474121094
08-08-2016,36.720001220703125,36.720001220703125,2600,40.79999923706055,40.79999923706055,40.79999923706055
09-08-2016,38.52000045776367,39.119998931884766,1925,40.79999923706055,40.20000076293945,40.20000076293945
10-08-2016,38.040000915527344,40.20000076293945,2242,40.20000076293945,40.08000183105469,40.08000183105469
11-08-2016,39.599998474121094,40.439998626708984,2067,41.52000045776367,39.959999084472656,39.959999084472656
12-08-2016,37.20000076293945,39.599998474121094,2608,39.599998474121094,38.279998779296875,38.279998779296875
15-08-2016,36.36000061035156,38.15999984741211,1833,38.15999984741211,36.959999084472656,36.959999084472656
16-08-2016,36.36000061035156,37.08000183105469,1192,37.08000183105469,36.599998474121094,36.599998474121094
17-08-2016,36.2400016784668,36.36000061035156,2225,38.63999938964844,36.599998474121094,36.599998474121094
18-08-2016,34.31999969482422,35.63999938964844,2025,36.36000061035156,34.560001373291016,34.560001373291016
19-08-2016,33.959999084472656,35.880001068115234,1858,35.880001068115234,34.91999816894531,34.91999816894531
22-08-2016,33.720001220703125,34.439998626708984,1467,35.880001068115234,33.959999084472656,33.959999084472656
23-08-2016,33.119998931884766,33.720001220703125,1833,33.720001220703125,33.119998931884766,33.119998931884766
24-08-2016,30.719999313354492,33.84000015258789,3317,34.560001373291016,30.84000015258789,30.84000015258789
25-08-2016,30.0,31.200000762939453,867,33.0,30.0,30.0
26-08-2016,30.360000610351562,31.31999969482422,1642,31.31999969482422,30.600000381469727,30.600000381469727
29-08-2016,31.200000762939453,32.52000045776367,1608,32.52000045776367,31.200000762939453,31.200000762939453
30-08-2016,30.719999313354492,31.200000762939453,1142,32.15999984741211,30.84000015258789,30.84000015258789
31-08-2016,30.239999771118164,31.079999923706055,1483,31.68000030517578,30.360000610351562,30.360000610351562
01-09-2016,30.0,30.360000610351562,1400,30.360000610351562,30.0,30.0
02-09-2016,30.0,30.0,1358,31.559999465942383,31.559999465942383,31.559999465942383
06-09-2016,30.84000015258789,31.559999465942383,1675,31.68000030517578,31.079999923706055,31.079999923706055
07-09-2016,26.15999984741211,30.719999313354492,5525,30.84000015258789,26.15999984741211,26.15999984741211
08-09-2016,24.239999771118164,28.200000762939453,6983,28.200000762939453,24.959999084472656,24.959999084472656
09-09-2016,24.1200008392334,24.600000381469727,4900,25.920000076293945,25.200000762939453,25.200000762939453
12-09-2016,22.920000076293945,25.200000762939453,3242,25.200000762939453,23.760000228881836,23.760000228881836
13-09-2016,22.920000076293945,23.280000686645508,2267,23.520000457763672,23.520000457763672,23.520000457763672
14-09-2016,22.200000762939453,23.399999618530273,3142,24.1200008392334,22.920000076293945,22.920000076293945
15-09-2016,22.079999923706055,22.799999237060547,1325,23.8799991607666,22.440000534057617,22.440000534057617
16-09-2016,21.719999313354492,23.15999984741211,1142,23.8799991607666,21.719999313354492,21.719999313354492
19-09-2016,21.719999313354492,21.719999313354492,1208,22.68000030517578,21.719999313354492,21.719999313354492
20-09-2016,22.200000762939453,22.440000534057617,3950,23.8799991607666,23.760000228881836,23.760000228881836
21-09-2016,22.799999237060547,24.0,1492,24.719999313354492,23.040000915527344,23.040000915527344
22-09-2016,23.15999984741211,23.8799991607666,592,24.1200008392334,23.15999984741211,23.15999984741211
23-09-2016,22.799999237060547,22.920000076293945,742,23.8799991607666,23.520000457763672,23.520000457763672
26-09-2016,23.8799991607666,23.8799991607666,558,24.239999771118164,24.1200008392334,24.1200008392334
27-09-2016,22.799999237060547,24.360000610351562,9450,25.440000534057617,22.920000076293945,22.920000076293945
28-09-2016,21.360000610351562,23.280000686645508,8592,24.719999313354492,22.079999923706055,22.079999923706055
29-09-2016,20.040000915527344,21.84000015258789,5325,21.84000015258789,21.719999313354492,21.719999313354492
30-09-2016,20.520000457763672,21.479999542236328,2342,21.479999542236328,20.8799991607666,20.8799991607666
03-10-2016,21.239999771118164,21.239999771118164,1050,21.959999084472656,21.479999542236328,21.479999542236328
04-10-2016,18.959999084472656,21.719999313354492,2492,21.719999313354492,19.31999969482422,19.31999969482422
05-10-2016,19.440000534057617,19.799999237060547,675,19.799999237060547,19.68000030517578,19.68000030517578
06-10-2016,19.079999923706055,19.559999465942383,2558,19.799999237060547,19.440000534057617,19.440000534057617
07-10-2016,19.079999923706055,19.200000762939453,1258,19.440000534057617,19.440000534057617,19.440000534057617
10-10-2016,18.239999771118164,18.959999084472656,13367,19.799999237060547,19.68000030517578,19.68000030517578
11-10-2016,18.84000015258789,19.200000762939453,2567,21.600000381469727,21.479999542236328,21.479999542236328
12-10-2016,20.520000457763672,21.719999313354492,28225,21.959999084472656,20.639999389648438,20.639999389648438
13-10-2016,19.799999237060547,20.639999389648438,2442,20.639999389648438,19.799999237060547,19.799999237060547
14-10-2016,18.959999084472656,19.799999237060547,2617,20.520000457763672,19.31999969482422,19.31999969482422
17-10-2016,18.959999084472656,19.31999969482422,1500,20.399999618530273,19.200000762939453,19.200000762939453
18-10-2016,16.559999465942383,19.559999465942383,4383,19.559999465942383,17.280000686645508,17.280000686645508
19-10-2016,16.799999237060547,17.040000915527344,6408,17.399999618530273,16.799999237060547,16.799999237060547
20-10-2016,15.0,16.31999969482422,5325,16.68000030517578,16.079999923706055,16.079999923706055
21-10-2016,15.359999656677246,15.960000038146973,2375,16.440000534057617,15.720000267028809,15.720000267028809
24-10-2016,16.079999923706055,16.440000534057617,2542,16.920000076293945,16.31999969482422,16.31999969482422
25-10-2016,15.600000381469727,16.31999969482422,2100,16.31999969482422,15.600000381469727,15.600000381469727
26-10-2016,14.039999961853027,15.600000381469727,4017,15.600000381469727,14.399999618530273,14.399999618530273
27-10-2016,13.5600004196167,14.399999618530273,10933,19.559999465942383,19.440000534057617,19.440000534057617
28-10-2016,17.639999389648438,19.68000030517578,101208,28.31999969482422,21.479999542236328,21.479999542236328
31-10-2016,19.440000534057617,20.520000457763672,11133,20.520000457763672,20.15999984741211,20.15999984741211
01-11-2016,19.31999969482422,20.15999984741211,37367,24.0,21.959999084472656,21.959999084472656
02-11-2016,20.8799991607666,24.0,29333,24.0,21.1200008392334,21.1200008392334
03-11-2016,19.31999969482422,21.360000610351562,7258,21.360000610351562,20.399999618530273,20.399999618530273
04-11-2016,17.760000228881836,21.0,2750,21.600000381469727,20.040000915527344,20.040000915527344
07-11-2016,18.1200008392334,20.399999618530273,3317,20.399999618530273,19.440000534057617,19.440000534057617
08-11-2016,18.360000610351562,19.31999969482422,9442,19.31999969482422,18.84000015258789,18.84000015258789
09-11-2016,18.0,19.68000030517578,7392,20.040000915527344,18.479999542236328,18.479999542236328
10-11-2016,18.0,18.600000381469727,2258,19.440000534057617,18.479999542236328,18.479999542236328
11-11-2016,15.0,16.200000762939453,11783,20.399999618530273,18.360000610351562,18.360000610351562
14-11-2016,16.079999923706055,18.0,3350,18.239999771118164,16.920000076293945,16.920000076293945
15-11-2016,15.119999885559082,17.399999618530273,9500,17.399999618530273,16.440000534057617,16.440000534057617
16-11-2016,16.31999969482422,16.31999969482422,12125,18.360000610351562,17.520000457763672,17.520000457763672
17-11-2016,17.15999984741211,17.760000228881836,7933,18.479999542236328,18.239999771118164,18.239999771118164
18-11-2016,17.15999984741211,17.399999618530273,7408,19.440000534057617,18.719999313354492,18.719999313354492
21-11-2016,16.200000762939453,18.0,10083,18.360000610351562,16.920000076293945,16.920000076293945
22-11-2016,15.720000267028809,16.68000030517578,10300,16.920000076293945,15.84000015258789,15.84000015258789
23-11-2016,15.84000015258789,15.84000015258789,9867,16.920000076293945,16.079999923706055,16.079999923706055
25-11-2016,15.600000381469727,16.079999923706055,1892,16.559999465942383,15.600000381469727,15.600000381469727
28-11-2016,15.0,15.600000381469727,12658,16.799999237060547,15.84000015258789,15.84000015258789
29-11-2016,15.479999542236328,15.84000015258789,18575,16.200000762939453,15.960000038146973,15.960000038146973
30-11-2016,15.720000267028809,15.720000267028809,36467,17.520000457763672,15.84000015258789,15.84000015258789
01-12-2016,15.0,15.600000381469727,6550,15.84000015258789,15.479999542236328,15.479999542236328
02-12-2016,15.359999656677246,15.600000381469727,4675,16.200000762939453,15.479999542236328,15.479999542236328
05-12-2016,15.359999656677246,15.479999542236328,16125,15.84000015258789,15.479999542236328,15.479999542236328
06-12-2016,15.479999542236328,15.84000015258789,17583,16.31999969482422,15.600000381469727,15.600000381469727
07-12-2016,13.680000305175781,15.720000267028809,43767,16.079999923706055,14.520000457763672,14.520000457763672
08-12-2016,13.199999809265137,14.640000343322754,21058,14.880000114440918,13.680000305175781,13.680000305175781
09-12-2016,13.5600004196167,13.800000190734863,9892,13.800000190734863,13.680000305175781,13.680000305175781
12-12-2016,13.319999694824219,13.680000305175781,4058,13.680000305175781,13.319999694824219,13.319999694824219
13-12-2016,13.199999809265137,13.5600004196167,5433,13.680000305175781,13.4399995803833,13.4399995803833
14-12-2016,13.4399995803833,13.4399995803833,60167,14.520000457763672,13.800000190734863,13.800000190734863
15-12-2016,12.479999542236328,13.800000190734863,19542,14.279999732971191,13.319999694824219,13.319999694824219
16-12-2016,13.079999923706055,13.319999694824219,8967,13.5600004196167,13.4399995803833,13.4399995803833
19-12-2016,13.4399995803833,13.4399995803833,10400,13.800000190734863,13.4399995803833,13.4399995803833
20-12-2016,13.4399995803833,13.4399995803833,3508,13.680000305175781,13.5600004196167,13.5600004196167
21-12-2016,13.199999809265137,13.5600004196167,6125,13.5600004196167,13.199999809265137,13.199999809265137
22-12-2016,13.199999809265137,13.319999694824219,79183,14.880000114440918,13.5600004196167,13.5600004196167
23-12-2016,12.720000267028809,13.680000305175781,31808,14.15999984741211,12.84000015258789,12.84000015258789
27-12-2016,12.84000015258789,12.84000015258789,14975,13.4399995803833,13.199999809265137,13.199999809265137
28-12-2016,12.960000038146973,12.960000038146973,12325,13.5600004196167,13.5600004196167,13.5600004196167
29-12-2016,13.319999694824219,13.4399995803833,15100,13.800000190734863,13.680000305175781,13.680000305175781
30-12-2016,13.5600004196167,13.5600004196167,10683,13.800000190734863,13.680000305175781,13.680000305175781
03-01-2017,13.199999809265137,13.800000190734863,6492,14.15999984741211,13.800000190734863,13.800000190734863
04-01-2017,13.5600004196167,14.039999961853027,28717,14.520000457763672,13.920000076293945,13.920000076293945
05-01-2017,13.199999809265137,14.039999961853027,37717,14.520000457763672,13.319999694824219,13.319999694824219
06-01-2017,13.199999809265137,13.5600004196167,9625,13.680000305175781,13.199999809265137,13.199999809265137
09-01-2017,12.84000015258789,13.4399995803833,9350,13.680000305175781,13.079999923706055,13.079999923706055
10-01-2017,12.600000381469727,13.319999694824219,17933,13.680000305175781,13.199999809265137,13.199999809265137
11-01-2017,13.199999809265137,13.199999809265137,417750,17.639999389648438,13.680000305175781,13.680000305175781
12-01-2017,13.319999694824219,13.800000190734863,118775,14.399999618530273,13.5600004196167,13.5600004196167
13-01-2017,12.119999885559082,13.5600004196167,60242,13.5600004196167,12.720000267028809,12.720000267028809
17-01-2017,12.720000267028809,12.960000038146973,15542,13.199999809265137,13.199999809265137,13.199999809265137
18-01-2017,12.119999885559082,13.199999809265137,39692,13.199999809265137,12.479999542236328,12.479999542236328
19-01-2017,10.800000190734863,12.600000381469727,48375,12.600000381469727,11.640000343322754,11.640000343322754
20-01-2017,10.920000076293945,11.520000457763672,23900,11.760000228881836,11.15999984741211,11.15999984741211
23-01-2017,10.319999694824219,11.279999732971191,21300,11.279999732971191,11.279999732971191,11.279999732971191
24-01-2017,10.800000190734863,11.279999732971191,57350,13.079999923706055,12.600000381469727,12.600000381469727
25-01-2017,12.720000267028809,13.199999809265137,34308,13.5600004196167,12.84000015258789,12.84000015258789
26-01-2017,12.119999885559082,13.199999809265137,11108,13.199999809265137,12.359999656677246,12.359999656677246
27-01-2017,11.399999618530273,12.720000267028809,19100,12.720000267028809,11.880000114440918,11.880000114440918
30-01-2017,11.15999984741211,12.479999542236328,7958,12.479999542236328,11.760000228881836,11.760000228881836
31-01-2017,11.279999732971191,11.640000343322754,7542,11.760000228881836,11.520000457763672,11.520000457763672
01-02-2017,11.279999732971191,11.520000457763672,4958,11.880000114440918,11.880000114440918,11.880000114440918
02-02-2017,11.15999984741211,11.880000114440918,8700,11.880000114440918,11.279999732971191,11.279999732971191
03-02-2017,11.15999984741211,11.399999618530273,5700,11.880000114440918,11.760000228881836,11.760000228881836
06-02-2017,11.279999732971191,11.520000457763672,5058,11.880000114440918,11.399999618530273,11.399999618530273
07-02-2017,11.039999961853027,11.279999732971191,4067,11.760000228881836,11.760000228881836,11.760000228881836
08-02-2017,11.520000457763672,11.520000457763672,24967,12.479999542236328,11.760000228881836,11.760000228881836
09-02-2017,11.520000457763672,11.880000114440918,5808,12.479999542236328,12.119999885559082,12.119999885559082
10-02-2017,12.119999885559082,12.359999656677246,29183,13.199999809265137,12.84000015258789,12.84000015258789
13-02-2017,12.600000381469727,12.84000015258789,18858,13.319999694824219,12.960000038146973,12.960000038146973
14-02-2017,12.600000381469727,13.199999809265137,13317,13.199999809265137,12.960000038146973,12.960000038146973
15-02-2017,12.359999656677246,12.84000015258789,8642,12.84000015258789,12.600000381469727,12.600000381469727
16-02-2017,12.359999656677246,12.720000267028809,3883,12.720000267028809,12.479999542236328,12.479999542236328
17-02-2017,12.479999542236328,12.720000267028809,5017,12.720000267028809,12.479999542236328,12.479999542236328
21-02-2017,12.479999542236328,12.600000381469727,7742,13.199999809265137,13.079999923706055,13.079999923706055
22-02-2017,12.600000381469727,13.079999923706055,6475,13.079999923706055,13.079999923706055,13.079999923706055
23-02-2017,12.479999542236328,13.079999923706055,6158,13.079999923706055,12.600000381469727,12.600000381469727
24-02-2017,11.520000457763672,12.84000015258789,11117,12.84000015258789,12.359999656677246,12.359999656677246
27-02-2017,12.239999771118164,12.239999771118164,3917,12.600000381469727,12.600000381469727,12.600000381469727
28-02-2017,12.239999771118164,12.600000381469727,10292,12.720000267028809,12.359999656677246,12.359999656677246
01-03-2017,12.239999771118164,12.720000267028809,6358,12.720000267028809,12.600000381469727,12.600000381469727
02-03-2017,12.239999771118164,12.600000381469727,3067,12.84000015258789,12.479999542236328,12.479999542236328
03-03-2017,11.760000228881836,12.239999771118164,16308,12.479999542236328,11.880000114440918,11.880000114440918
06-03-2017,11.760000228881836,12.0,8875,12.359999656677246,12.0,12.0
07-03-2017,11.760000228881836,12.239999771118164,4658,12.239999771118164,11.880000114440918,11.880000114440918
08-03-2017,11.760000228881836,11.880000114440918,3192,12.239999771118164,12.119999885559082,12.119999885559082
09-03-2017,12.119999885559082,12.239999771118164,9633,12.720000267028809,12.600000381469727,12.600000381469727
10-03-2017,12.600000381469727,12.720000267028809,28467,13.4399995803833,12.960000038146973,12.960000038146973
13-03-2017,12.479999542236328,13.199999809265137,9475,13.4399995803833,12.720000267028809,12.720000267028809
14-03-2017,12.239999771118164,12.479999542236328,6567,13.199999809265137,13.199999809265137,13.199999809265137
15-03-2017,12.84000015258789,13.199999809265137,4758,13.4399995803833,13.199999809265137,13.199999809265137
16-03-2017,12.720000267028809,13.199999809265137,8358,13.319999694824219,13.199999809265137,13.199999809265137
17-03-2017,12.720000267028809,13.199999809265137,2350,13.319999694824219,12.960000038146973,12.960000038146973
20-03-2017,12.359999656677246,12.600000381469727,5742,13.199999809265137,12.479999542236328,12.479999542236328
21-03-2017,11.760000228881836,12.479999542236328,11333,13.079999923706055,11.880000114440918,11.880000114440918
22-03-2017,11.399999618530273,12.239999771118164,11958,12.239999771118164,11.760000228881836,11.760000228881836
23-03-2017,11.399999618530273,12.0,8375,12.119999885559082,11.760000228881836,11.760000228881836
24-03-2017,11.399999618530273,11.880000114440918,22092,12.239999771118164,12.119999885559082,12.119999885559082
27-03-2017,12.0,12.239999771118164,55783,13.800000190734863,13.4399995803833,13.4399995803833
28-03-2017,12.960000038146973,13.199999809265137,14892,14.039999961853027,13.079999923706055,13.079999923706055
29-03-2017,13.079999923706055,13.079999923706055,7767,13.5600004196167,13.4399995803833,13.4399995803833
30-03-2017,13.079999923706055,13.319999694824219,39650,14.399999618530273,13.680000305175781,13.680000305175781
31-03-2017,13.5600004196167,13.920000076293945,51975,16.559999465942383,15.960000038146973,15.960000038146973
03-04-2017,15.0,16.559999465942383,29867,17.399999618530273,15.239999771118164,15.239999771118164
04-04-2017,15.0,15.239999771118164,9883,15.960000038146973,15.960000038146973,15.960000038146973
05-04-2017,15.0,16.079999923706055,8833,16.079999923706055,15.600000381469727,15.600000381469727
06-04-2017,15.239999771118164,15.600000381469727,38042,18.479999542236328,17.040000915527344,17.040000915527344
07-04-2017,14.880000114440918,17.760000228881836,22383,17.760000228881836,15.0,15.0
10-04-2017,13.680000305175781,15.239999771118164,19692,16.200000762939453,14.15999984741211,14.15999984741211
11-04-2017,13.800000190734863,14.039999961853027,24267,17.520000457763672,15.359999656677246,15.359999656677246
12-04-2017,15.600000381469727,16.31999969482422,9217,16.440000534057617,16.079999923706055,16.079999923706055
13-04-2017,14.760000228881836,16.559999465942383,8383,16.68000030517578,15.479999542236328,15.479999542236328
17-04-2017,14.039999961853027,15.600000381469727,7683,15.600000381469727,15.479999542236328,15.479999542236328
18-04-2017,14.880000114440918,15.600000381469727,2583,16.200000762939453,15.0,15.0
19-04-2017,14.880000114440918,15.0,3792,15.84000015258789,15.239999771118164,15.239999771118164
20-04-2017,15.119999885559082,15.479999542236328,6017,16.200000762939453,15.720000267028809,15.720000267028809
21-04-2017,15.0,15.720000267028809,3392,15.84000015258789,15.0,15.0
24-04-2017,14.880000114440918,15.600000381469727,6667,15.600000381469727,15.359999656677246,15.359999656677246
25-04-2017,15.0,15.359999656677246,7050,16.68000030517578,15.960000038146973,15.960000038146973
26-04-2017,15.960000038146973,16.200000762939453,6825,16.440000534057617,15.960000038146973,15.960000038146973
27-04-2017,15.720000267028809,15.84000015258789,4950,16.200000762939453,15.720000267028809,15.720000267028809
28-04-2017,15.960000038146973,15.960000038146973,30317,17.760000228881836,17.520000457763672,17.520000457763672
01-05-2017,16.31999969482422,17.280000686645508,16092,17.639999389648438,17.040000915527344,17.040000915527344
02-05-2017,15.720000267028809,16.68000030517578,14258,16.68000030517578,15.84000015258789,15.84000015258789
03-05-2017,15.600000381469727,16.200000762939453,12717,16.440000534057617,16.31999969482422,16.31999969482422
04-05-2017,14.880000114440918,16.079999923706055,17150,16.079999923706055,14.880000114440918,14.880000114440918
05-05-2017,13.800000190734863,15.0,11142,15.239999771118164,15.119999885559082,15.119999885559082
08-05-2017,14.640000343322754,15.0,4542,15.359999656677246,15.119999885559082,15.119999885559082
09-05-2017,14.640000343322754,15.239999771118164,5342,15.479999542236328,15.239999771118164,15.239999771118164
10-05-2017,14.279999732971191,15.600000381469727,17750,16.799999237060547,16.200000762939453,16.200000762939453
11-05-2017,15.600000381469727,16.200000762939453,15258,16.68000030517578,16.31999969482422,16.31999969482422
12-05-2017,15.84000015258789,16.31999969482422,6900,16.559999465942383,16.559999465942383,16.559999465942383
15-05-2017,16.31999969482422,16.559999465942383,18483,17.639999389648438,17.520000457763672,17.520000457763672
16-05-2017,17.8799991607666,17.8799991607666,100242,25.200000762939453,22.200000762939453,22.200000762939453
17-05-2017,18.959999084472656,21.719999313354492,22175,21.959999084472656,20.399999618530273,20.399999618530273
18-05-2017,18.719999313354492,20.040000915527344,20708,21.959999084472656,21.959999084472656,21.959999084472656
19-05-2017,21.479999542236328,23.760000228881836,11925,23.760000228881836,22.559999465942383,22.559999465942383
22-05-2017,21.479999542236328,22.559999465942383,7492,23.399999618530273,22.079999923706055,22.079999923706055
23-05-2017,20.399999618530273,21.84000015258789,5300,21.84000015258789,21.1200008392334,21.1200008392334
24-05-2017,19.31999969482422,20.760000228881836,5283,21.0,20.8799991607666,20.8799991607666
25-05-2017,19.559999465942383,20.639999389648438,11775,21.600000381469727,21.1200008392334,21.1200008392334
26-05-2017,20.520000457763672,20.8799991607666,3167,20.8799991607666,20.8799991607666,20.8799991607666
30-05-2017,21.1200008392334,21.600000381469727,6308,22.079999923706055,22.079999923706055,22.079999923706055
31-05-2017,21.0,21.84000015258789,4558,23.15999984741211,23.15999984741211,23.15999984741211
01-06-2017,22.799999237060547,23.639999389648438,55658,27.479999542236328,27.360000610351562,27.360000610351562
02-06-2017,25.799999237060547,28.200000762939453,20317,28.920000076293945,27.1200008392334,27.1200008392334
05-06-2017,23.399999618530273,28.079999923706055,23758,28.68000030517578,24.360000610351562,24.360000610351562
06-06-2017,23.15999984741211,23.15999984741211,14200,24.360000610351562,23.15999984741211,23.15999984741211
07-06-2017,23.040000915527344,24.1200008392334,6258,24.1200008392334,23.399999618530273,23.399999618530273
08-06-2017,23.399999618530273,24.239999771118164,18467,26.399999618530273,26.040000915527344,26.040000915527344
09-06-2017,25.31999969482422,26.399999618530273,8350,27.360000610351562,26.040000915527344,26.040000915527344
12-06-2017,24.239999771118164,26.040000915527344,11508,27.0,25.200000762939453,25.200000762939453
13-06-2017,24.0,25.079999923706055,6467,25.440000534057617,24.360000610351562,24.360000610351562
14-06-2017,22.799999237060547,24.959999084472656,14850,24.959999084472656,23.15999984741211,23.15999984741211
15-06-2017,21.959999084472656,23.8799991607666,8708,23.8799991607666,22.31999969482422,22.31999969482422
16-06-2017,17.399999618530273,21.239999771118164,44583,21.600000381469727,18.600000381469727,18.600000381469727
19-06-2017,17.15999984741211,19.440000534057617,17408,20.280000686645508,20.15999984741211,20.15999984741211
20-06-2017,18.239999771118164,19.31999969482422,3492,20.520000457763672,19.799999237060547,19.799999237060547
21-06-2017,18.959999084472656,19.31999969482422,3392,20.639999389648438,20.040000915527344,20.040000915527344
22-06-2017,19.799999237060547,19.799999237060547,5075,21.479999542236328,20.760000228881836,20.760000228881836
23-06-2017,20.399999618530273,20.399999618530273,4958,21.84000015258789,20.760000228881836,20.760000228881836
26-06-2017,20.399999618530273,20.399999618530273,1492,21.239999771118164,21.0,21.0
27-06-2017,20.280000686645508,21.360000610351562,4383,21.600000381469727,20.520000457763672,20.520000457763672
28-06-2017,19.559999465942383,20.15999984741211,5150,20.399999618530273,20.15999984741211,20.15999984741211
29-06-2017,19.799999237060547,19.799999237060547,3183,20.399999618530273,19.920000076293945,19.920000076293945
30-06-2017,19.799999237060547,19.799999237060547,4083,21.239999771118164,20.760000228881836,20.760000228881836
03-07-2017,20.040000915527344,20.760000228881836,4033,21.239999771118164,20.760000228881836,20.760000228881836
05-07-2017,20.15999984741211,20.760000228881836,1808,21.0,20.399999618530273,20.399999618530273
06-07-2017,20.15999984741211,20.520000457763672,2000,20.760000228881836,20.639999389648438,20.639999389648438
07-07-2017,20.040000915527344,20.639999389648438,3492,21.239999771118164,20.399999618530273,20.399999618530273
10-07-2017,20.040000915527344,20.399999618530273,2950,20.8799991607666,20.280000686645508,20.280000686645508
11-07-2017,19.799999237060547,19.799999237060547,2333,20.520000457763672,20.15999984741211,20.15999984741211
12-07-2017,19.799999237060547,20.399999618530273,4250,21.479999542236328,19.920000076293945,19.920000076293945
13-07-2017,15.0,19.799999237060547,49225,20.15999984741211,16.31999969482422,16.31999969482422
14-07-2017,15.600000381469727,16.68000030517578,10625,16.68000030517578,15.84000015258789,15.84000015258789
17-07-2017,15.119999885559082,16.079999923706055,13992,16.440000534057617,15.359999656677246,15.359999656677246
18-07-2017,13.800000190734863,14.880000114440918,16567,15.600000381469727,14.520000457763672,14.520000457763672
19-07-2017,13.680000305175781,14.880000114440918,12025,14.880000114440918,13.920000076293945,13.920000076293945
20-07-2017,13.800000190734863,14.039999961853027,43333,14.880000114440918,14.399999618530273,14.399999618530273
21-07-2017,13.920000076293945,14.399999618530273,16450,14.399999618530273,14.15999984741211,14.15999984741211
24-07-2017,13.800000190734863,14.640000343322754,11258,14.640000343322754,14.279999732971191,14.279999732971191
25-07-2017,13.800000190734863,14.279999732971191,10458,14.279999732971191,13.800000190734863,13.800000190734863
26-07-2017,13.800000190734863,14.039999961853027,6358,14.279999732971191,13.920000076293945,13.920000076293945
27-07-2017,13.680000305175781,13.920000076293945,3358,13.920000076293945,13.800000190734863,13.800000190734863
28-07-2017,12.119999885559082,13.680000305175781,17642,13.800000190734863,12.720000267028809,12.720000267028809
31-07-2017,12.720000267028809,12.960000038146973,6642,12.960000038146973,12.84000015258789,12.84000015258789
01-08-2017,12.479999542236328,12.960000038146973,5533,12.960000038146973,12.600000381469727,12.600000381469727
02-08-2017,12.479999542236328,12.84000015258789,3617,12.84000015258789,12.479999542236328,12.479999542236328
03-08-2017,12.479999542236328,12.84000015258789,3575,12.960000038146973,12.720000267028809,12.720000267028809
04-08-2017,12.600000381469727,12.960000038146973,9317,13.800000190734863,13.199999809265137,13.199999809265137
07-08-2017,12.960000038146973,13.5600004196167,5092,13.5600004196167,13.4399995803833,13.4399995803833
08-08-2017,13.199999809265137,13.4399995803833,7133,14.15999984741211,13.920000076293945,13.920000076293945
09-08-2017,13.319999694824219,13.4399995803833,10742,13.920000076293945,13.4399995803833,13.4399995803833
10-08-2017,12.960000038146973,13.199999809265137,6017,13.680000305175781,13.199999809265137,13.199999809265137
11-08-2017,11.399999618530273,13.4399995803833,19775,13.5600004196167,12.600000381469727,12.600000381469727
14-08-2017,11.760000228881836,12.359999656677246,4492,12.600000381469727,12.239999771118164,12.239999771118164
15-08-2017,11.760000228881836,12.239999771118164,6475,12.239999771118164,12.239999771118164,12.239999771118164
16-08-2017,12.0,12.479999542236328,5117,12.600000381469727,12.479999542236328,12.479999542236328
17-08-2017,12.0,12.600000381469727,2700,12.84000015258789,12.359999656677246,12.359999656677246
18-08-2017,12.0,12.600000381469727,1642,12.600000381469727,12.239999771118164,12.239999771118164
21-08-2017,12.0,12.600000381469727,2208,12.600000381469727,12.479999542236328,12.479999542236328
22-08-2017,12.0,12.600000381469727,3100,12.600000381469727,12.239999771118164,12.239999771118164
23-08-2017,11.760000228881836,12.600000381469727,9658,12.600000381469727,12.479999542236328,12.479999542236328
24-08-2017,12.119999885559082,12.720000267028809,3000,12.720000267028809,12.479999542236328,12.479999542236328
25-08-2017,12.0,12.600000381469727,3817,12.720000267028809,12.600000381469727,12.600000381469727
28-08-2017,12.479999542236328,12.600000381469727,6525,12.960000038146973,12.479999542236328,12.479999542236328
29-08-2017,12.119999885559082,12.119999885559082,9400,12.960000038146973,12.960000038146973,12.960000038146973
30-08-2017,12.720000267028809,12.720000267028809,4292,13.079999923706055,12.960000038146973,12.960000038146973
31-08-2017,12.84000015258789,13.079999923706055,5325,13.079999923706055,12.84000015258789,12.84000015258789
01-09-2017,12.600000381469727,12.960000038146973,4633,12.960000038146973,12.84000015258789,12.84000015258789
05-09-2017,13.079999923706055,13.319999694824219,12242,13.800000190734863,13.4399995803833,13.4399995803833
06-09-2017,14.15999984741211,15.0,145217,17.760000228881836,14.399999618530273,14.399999618530273
07-09-2017,13.199999809265137,13.920000076293945,25800,14.399999618530273,13.920000076293945,13.920000076293945
08-09-2017,13.4399995803833,13.800000190734863,9167,13.800000190734863,13.680000305175781,13.680000305175781
11-09-2017,13.199999809265137,13.680000305175781,5067,13.800000190734863,13.199999809265137,13.199999809265137
12-09-2017,13.199999809265137,13.199999809265137,17583,14.039999961853027,13.680000305175781,13.680000305175781
13-09-2017,13.4399995803833,13.800000190734863,3608,13.800000190734863,13.5600004196167,13.5600004196167
14-09-2017,13.319999694824219,13.5600004196167,4492,13.5600004196167,13.319999694824219,13.319999694824219
15-09-2017,13.319999694824219,13.5600004196167,5192,13.680000305175781,13.319999694824219,13.319999694824219
18-09-2017,13.319999694824219,13.4399995803833,4208,13.680000305175781,13.319999694824219,13.319999694824219
19-09-2017,13.199999809265137,13.4399995803833,3200,13.680000305175781,13.199999809265137,13.199999809265137
20-09-2017,12.239999771118164,13.4399995803833,14983,13.4399995803833,12.359999656677246,12.359999656677246
21-09-2017,12.239999771118164,12.239999771118164,3600,12.600000381469727,12.479999542236328,12.479999542236328
22-09-2017,12.359999656677246,12.600000381469727,12517,12.84000015258789,12.84000015258789,12.84000015258789
25-09-2017,12.359999656677246,12.359999656677246,3692,12.84000015258789,12.720000267028809,12.720000267028809
26-09-2017,12.479999542236328,13.079999923706055,21725,13.920000076293945,13.680000305175781,13.680000305175781
27-09-2017,13.319999694824219,13.920000076293945,30242,14.760000228881836,13.4399995803833,13.4399995803833
28-09-2017,13.319999694824219,13.5600004196167,2742,13.5600004196167,13.4399995803833,13.4399995803833
29-09-2017,13.199999809265137,13.4399995803833,1633,13.4399995803833,13.199999809265137,13.199999809265137
02-10-2017,13.199999809265137,13.4399995803833,3992,13.800000190734863,13.319999694824219,13.319999694824219
03-10-2017,12.84000015258789,13.199999809265137,3000,13.4399995803833,12.84000015258789,12.84000015258789
04-10-2017,12.479999542236328,12.720000267028809,8925,13.4399995803833,12.479999542236328,12.479999542236328
05-10-2017,12.479999542236328,12.600000381469727,9558,13.079999923706055,12.600000381469727,12.600000381469727
06-10-2017,12.600000381469727,12.720000267028809,5592,13.199999809265137,12.84000015258789,12.84000015258789
09-10-2017,12.84000015258789,13.079999923706055,9108,13.4399995803833,13.079999923706055,13.079999923706055
10-10-2017,12.479999542236328,13.079999923706055,5517,13.4399995803833,12.600000381469727,12.600000381469727
11-10-2017,12.119999885559082,12.479999542236328,12958,12.84000015258789,12.239999771118164,12.239999771118164
12-10-2017,12.600000381469727,13.800000190734863,40975,14.520000457763672,12.720000267028809,12.720000267028809
13-10-2017,12.479999542236328,13.199999809265137,10542,13.199999809265137,12.600000381469727,12.600000381469727
16-10-2017,12.359999656677246,12.600000381469727,7725,12.960000038146973,12.600000381469727,12.600000381469727
17-10-2017,12.359999656677246,12.84000015258789,4142,12.84000015258789,12.359999656677246,12.359999656677246
18-10-2017,12.479999542236328,13.199999809265137,20333,13.199999809265137,12.600000381469727,12.600000381469727
19-10-2017,12.359999656677246,13.079999923706055,7242,13.079999923706055,12.600000381469727,12.600000381469727
20-10-2017,12.479999542236328,12.600000381469727,3992,12.84000015258789,12.84000015258789,12.84000015258789
23-10-2017,12.479999542236328,13.199999809265137,4575,13.199999809265137,12.600000381469727,12.600000381469727
24-10-2017,12.359999656677246,12.600000381469727,3092,12.600000381469727,12.359999656677246,12.359999656677246
25-10-2017,12.359999656677246,12.720000267028809,3792,12.720000267028809,12.600000381469727,12.600000381469727
26-10-2017,12.359999656677246,12.479999542236328,1725,12.84000015258789,12.600000381469727,12.600000381469727
27-10-2017,12.359999656677246,12.84000015258789,5258,12.84000015258789,12.600000381469727,12.600000381469727
30-10-2017,12.239999771118164,12.239999771118164,22300,13.199999809265137,12.720000267028809,12.720000267028809
31-10-2017,12.600000381469727,12.84000015258789,38792,13.800000190734863,12.600000381469727,12.600000381469727
01-11-2017,12.359999656677246,12.720000267028809,31592,13.079999923706055,12.720000267028809,12.720000267028809
02-11-2017,12.600000381469727,12.84000015258789,31750,13.800000190734863,13.5600004196167,13.5600004196167
03-11-2017,13.199999809265137,13.4399995803833,38850,14.279999732971191,13.5600004196167,13.5600004196167
06-11-2017,13.199999809265137,13.680000305175781,8742,13.680000305175781,13.5600004196167,13.5600004196167
07-11-2017,13.199999809265137,13.5600004196167,8075,13.5600004196167,13.5600004196167,13.5600004196167
08-11-2017,13.319999694824219,13.319999694824219,27892,14.640000343322754,14.520000457763672,14.520000457763672
09-11-2017,13.920000076293945,14.520000457763672,21967,14.880000114440918,14.279999732971191,14.279999732971191
10-11-2017,13.680000305175781,14.399999618530273,9658,14.640000343322754,14.15999984741211,14.15999984741211
13-11-2017,13.319999694824219,14.15999984741211,11167,14.279999732971191,13.4399995803833,13.4399995803833
14-11-2017,12.960000038146973,13.4399995803833,8925,14.279999732971191,13.4399995803833,13.4399995803833
15-11-2017,11.279999732971191,14.039999961853027,54658,14.039999961853027,12.359999656677246,12.359999656677246
16-11-2017,11.399999618530273,12.600000381469727,22533,12.600000381469727,11.880000114440918,11.880000114440918
17-11-2017,11.760000228881836,12.239999771118164,11842,12.359999656677246,12.359999656677246,12.359999656677246
20-11-2017,12.239999771118164,12.479999542236328,6275,12.479999542236328,12.359999656677246,12.359999656677246
21-11-2017,11.760000228881836,12.0,8025,12.119999885559082,11.760000228881836,11.760000228881836
22-11-2017,11.640000343322754,11.880000114440918,11592,12.0,11.880000114440918,11.880000114440918
24-11-2017,11.880000114440918,11.880000114440918,3567,12.359999656677246,12.359999656677246,12.359999656677246
27-11-2017,12.119999885559082,12.479999542236328,27942,13.319999694824219,12.600000381469727,12.600000381469727
28-11-2017,11.760000228881836,12.600000381469727,26875,12.960000038146973,12.239999771118164,12.239999771118164
29-11-2017,11.640000343322754,12.359999656677246,9483,12.359999656677246,12.0,12.0
30-11-2017,12.0,12.359999656677246,3383,12.359999656677246,12.239999771118164,12.239999771118164
01-12-2017,12.0,12.119999885559082,3600,12.359999656677246,12.359999656677246,12.359999656677246
04-12-2017,11.760000228881836,12.119999885559082,8300,12.239999771118164,11.760000228881836,11.760000228881836
05-12-2017,11.760000228881836,12.119999885559082,6783,12.239999771118164,12.0,12.0
06-12-2017,11.880000114440918,12.119999885559082,6592,12.239999771118164,12.0,12.0
07-12-2017,12.0,12.119999885559082,2292,12.119999885559082,12.0,12.0
08-12-2017,11.880000114440918,12.119999885559082,4825,12.239999771118164,11.880000114440918,11.880000114440918
11-12-2017,11.640000343322754,11.640000343322754,28375,12.720000267028809,12.239999771118164,12.239999771118164
12-12-2017,11.760000228881836,12.0,4208,12.119999885559082,11.880000114440918,11.880000114440918
13-12-2017,11.880000114440918,12.0,3292,12.0,11.880000114440918,11.880000114440918
14-12-2017,11.880000114440918,12.0,8642,12.359999656677246,12.0,12.0
15-12-2017,12.0,12.0,16917,12.960000038146973,12.720000267028809,12.720000267028809
18-12-2017,12.119999885559082,12.720000267028809,5458,12.720000267028809,12.359999656677246,12.359999656677246
19-12-2017,12.0,12.359999656677246,4342,12.600000381469727,12.239999771118164,12.239999771118164
20-12-2017,12.0,12.0,5775,12.84000015258789,12.239999771118164,12.239999771118164
21-12-2017,12.119999885559082,12.359999656677246,10700,12.479999542236328,12.239999771118164,12.239999771118164
22-12-2017,12.119999885559082,12.239999771118164,3317,12.359999656677246,12.119999885559082,12.119999885559082
26-12-2017,12.119999885559082,12.119999885559082,83733,14.760000228881836,13.800000190734863,13.800000190734863
27-12-2017,15.479999542236328,15.479999542236328,1778208,24.84000015258789,17.760000228881836,17.760000228881836
28-12-2017,14.760000228881836,17.760000228881836,185433,17.8799991607666,15.600000381469727,15.600000381469727
29-12-2017,14.279999732971191,16.200000762939453,66575,16.200000762939453,14.640000343322754,14.640000343322754
02-01-2018,13.800000190734863,14.520000457763672,80700,16.079999923706055,15.119999885559082,15.119999885559082
03-01-2018,14.640000343322754,15.359999656677246,112683,17.399999618530273,17.280000686645508,17.280000686645508
04-01-2018,15.600000381469727,17.280000686645508,67475,17.639999389648438,15.720000267028809,15.720000267028809
05-01-2018,14.640000343322754,15.84000015258789,37650,15.960000038146973,14.760000228881836,14.760000228881836
08-01-2018,14.760000228881836,15.0,22750,15.239999771118164,15.119999885559082,15.119999885559082
09-01-2018,14.760000228881836,15.0,57450,16.559999465942383,15.479999542236328,15.479999542236328
10-01-2018,15.479999542236328,15.479999542236328,40533,16.559999465942383,15.600000381469727,15.600000381469727
11-01-2018,15.600000381469727,15.600000381469727,46567,17.280000686645508,17.040000915527344,17.040000915527344
12-01-2018,16.559999465942383,17.280000686645508,44392,18.84000015258789,18.239999771118164,18.239999771118164
16-01-2018,17.520000457763672,18.479999542236328,50925,19.799999237060547,17.760000228881836,17.760000228881836
17-01-2018,16.440000534057617,17.639999389648438,24733,18.600000381469727,16.559999465942383,16.559999465942383
18-01-2018,15.960000038146973,16.68000030517578,36067,18.360000610351562,17.8799991607666,17.8799991607666
19-01-2018,17.15999984741211,18.1200008392334,17883,18.600000381469727,17.639999389648438,17.639999389648438
22-01-2018,26.8799991607666,30.239999771118164,5699167,39.959999084472656,27.84000015258789,27.84000015258789
23-01-2018,25.31999969482422,26.399999618530273,338158,29.399999618530273,28.200000762939453,28.200000762939453
24-01-2018,24.600000381469727,28.559999465942383,383717,28.559999465942383,25.799999237060547,25.799999237060547
25-01-2018,34.91999816894531,55.20000076293945,3086292,57.599998474121094,40.91999816894531,40.91999816894531
26-01-2018,33.720001220703125,36.720001220703125,459508,38.7599983215332,35.880001068115234,35.880001068115234
29-01-2018,30.360000610351562,34.91999816894531,238592,34.91999816894531,30.959999084472656,30.959999084472656
30-01-2018,26.040000915527344,30.0,206150,30.0,26.399999618530273,26.399999618530273
31-01-2018,24.719999313354492,27.600000381469727,186300,28.68000030517578,25.200000762939453,25.200000762939453
01-02-2018,25.200000762939453,29.280000686645508,647600,29.8799991607666,25.200000762939453,25.200000762939453
02-02-2018,21.84000015258789,25.200000762939453,195800,25.440000534057617,23.520000457763672,23.520000457763672
05-02-2018,21.360000610351562,22.920000076293945,91400,23.399999618530273,21.479999542236328,21.479999542236328
06-02-2018,21.0,21.0,87967,23.15999984741211,22.559999465942383,22.559999465942383
07-02-2018,21.0,22.200000762939453,90292,22.559999465942383,21.239999771118164,21.239999771118164
08-02-2018,19.31999969482422,21.239999771118164,74242,21.360000610351562,19.440000534057617,19.440000534057617
09-02-2018,18.0,19.68000030517578,103250,20.040000915527344,18.479999542236328,18.479999542236328
12-02-2018,17.399999618530273,18.719999313354492,143333,19.079999923706055,18.360000610351562,18.360000610351562
13-02-2018,18.1200008392334,18.959999084472656,145075,19.559999465942383,18.959999084472656,18.959999084472656
14-02-2018,18.239999771118164,18.600000381469727,155308,19.559999465942383,18.239999771118164,18.239999771118164
15-02-2018,17.040000915527344,18.360000610351562,134058,18.719999313354492,17.639999389648438,17.639999389648438
16-02-2018,17.280000686645508,17.399999618530273,72642,18.0,17.520000457763672,17.520000457763672
20-02-2018,17.399999618530273,17.399999618530273,151767,18.84000015258789,18.0,18.0
21-02-2018,17.520000457763672,18.1200008392334,107392,18.719999313354492,18.0,18.0
22-02-2018,17.399999618530273,17.8799991607666,54992,18.0,17.399999618530273,17.399999618530273
23-02-2018,17.399999618530273,17.520000457763672,138750,17.8799991607666,17.760000228881836,17.760000228881836
26-02-2018,17.639999389648438,18.1200008392334,76767,18.479999542236328,17.8799991607666,17.8799991607666
27-02-2018,16.440000534057617,18.0,119208,18.0,16.68000030517578,16.68000030517578
28-02-2018,15.600000381469727,16.799999237060547,90983,16.799999237060547,16.200000762939453,16.200000762939453
01-03-2018,15.960000038146973,16.079999923706055,77283,17.399999618530273,16.920000076293945,16.920000076293945
02-03-2018,16.440000534057617,16.799999237060547,379858,20.399999618530273,19.920000076293945,19.920000076293945
05-03-2018,17.639999389648438,19.079999923706055,134033,19.200000762939453,17.639999389648438,17.639999389648438
06-03-2018,16.920000076293945,17.760000228881836,98625,18.239999771118164,18.239999771118164,18.239999771118164
07-03-2018,17.520000457763672,18.0,37133,18.0,17.760000228881836,17.760000228881836
08-03-2018,17.639999389648438,17.8799991607666,34792,18.1200008392334,18.1200008392334,18.1200008392334
09-03-2018,17.639999389648438,18.1200008392334,43967,18.239999771118164,17.760000228881836,17.760000228881836
12-03-2018,17.639999389648438,18.600000381469727,153692,19.440000534057617,17.760000228881836,17.760000228881836
13-03-2018,16.799999237060547,18.360000610351562,230533,18.360000610351562,17.399999618530273,17.399999618530273
14-03-2018,16.31999969482422,17.399999618530273,88917,17.399999618530273,17.040000915527344,17.040000915527344
15-03-2018,15.0,15.600000381469727,109600,15.960000038146973,15.720000267028809,15.720000267028809
16-03-2018,15.239999771118164,15.600000381469727,80492,16.200000762939453,15.960000038146973,15.960000038146973
19-03-2018,15.0,15.600000381469727,43300,15.960000038146973,15.720000267028809,15.720000267028809
20-03-2018,14.640000343322754,15.600000381469727,67825,15.600000381469727,15.239999771118164,15.239999771118164
21-03-2018,14.760000228881836,15.119999885559082,26908,15.479999542236328,15.119999885559082,15.119999885559082
22-03-2018,14.640000343322754,15.0,54700,15.479999542236328,14.880000114440918,14.880000114440918
23-03-2018,13.920000076293945,15.0,37758,15.0,14.039999961853027,14.039999961853027
26-03-2018,13.319999694824219,14.039999961853027,65892,14.15999984741211,13.800000190734863,13.800000190734863
27-03-2018,13.5600004196167,13.800000190734863,39575,14.399999618530273,13.800000190734863,13.800000190734863
28-03-2018,13.5600004196167,13.800000190734863,19992,14.15999984741211,13.5600004196167,13.5600004196167
29-03-2018,13.5600004196167,13.920000076293945,82633,15.239999771118164,14.039999961853027,14.039999961853027
02-04-2018,13.920000076293945,14.039999961853027,27867,15.0,14.279999732971191,14.279999732971191
03-04-2018,13.800000190734863,14.279999732971191,17808,14.399999618530273,13.920000076293945,13.920000076293945
04-04-2018,13.680000305175781,13.920000076293945,24058,14.039999961853027,14.039999961853027,14.039999961853027
05-04-2018,13.5600004196167,14.039999961853027,26183,14.279999732971191,13.5600004196167,13.5600004196167
06-04-2018,13.5600004196167,13.5600004196167,22475,13.920000076293945,13.920000076293945,13.920000076293945
09-04-2018,13.5600004196167,13.800000190734863,26383,14.760000228881836,13.800000190734863,13.800000190734863
10-04-2018,13.920000076293945,14.039999961853027,17308,14.399999618530273,14.279999732971191,14.279999732971191
11-04-2018,14.039999961853027,14.279999732971191,13267,14.520000457763672,14.279999732971191,14.279999732971191
12-04-2018,13.680000305175781,14.279999732971191,23867,14.399999618530273,13.920000076293945,13.920000076293945
13-04-2018,14.039999961853027,14.039999961853027,24933,14.15999984741211,14.15999984741211,14.15999984741211
16-04-2018,14.039999961853027,14.399999618530273,104008,15.0,14.640000343322754,14.640000343322754
17-04-2018,14.15999984741211,15.0,23633,15.0,14.399999618530273,14.399999618530273
18-04-2018,13.920000076293945,14.399999618530273,23567,14.399999618530273,14.039999961853027,14.039999961853027
19-04-2018,13.5600004196167,13.920000076293945,75892,14.039999961853027,13.680000305175781,13.680000305175781
20-04-2018,12.479999542236328,13.800000190734863,56383,13.800000190734863,12.84000015258789,12.84000015258789
23-04-2018,12.479999542236328,13.199999809265137,20225,13.199999809265137,12.720000267028809,12.720000267028809
24-04-2018,12.359999656677246,12.84000015258789,15292,12.84000015258789,12.600000381469727,12.600000381469727
25-04-2018,12.359999656677246,12.600000381469727,21775,12.960000038146973,12.720000267028809,12.720000267028809
26-04-2018,12.84000015258789,13.199999809265137,18992,13.5600004196167,12.960000038146973,12.960000038146973
27-04-2018,12.720000267028809,13.199999809265137,10842,13.199999809265137,13.199999809265137,13.199999809265137
30-04-2018,12.960000038146973,13.319999694824219,18633,13.5600004196167,13.079999923706055,13.079999923706055
01-05-2018,13.199999809265137,13.199999809265137,9750,13.4399995803833,13.319999694824219,13.319999694824219
02-05-2018,12.960000038146973,13.319999694824219,21775,13.680000305175781,13.199999809265137,13.199999809265137
03-05-2018,12.960000038146973,13.319999694824219,12408,13.319999694824219,13.079999923706055,13.079999923706055
04-05-2018,12.84000015258789,13.199999809265137,13383,13.199999809265137,13.199999809265137,13.199999809265137
07-05-2018,13.199999809265137,13.199999809265137,32267,13.800000190734863,13.319999694824219,13.319999694824219
08-05-2018,13.199999809265137,13.319999694824219,9700,13.5600004196167,13.199999809265137,13.199999809265137
09-05-2018,12.960000038146973,13.199999809265137,48967,13.5600004196167,13.4399995803833,13.4399995803833
10-05-2018,12.359999656677246,12.960000038146973,50458,13.4399995803833,12.600000381469727,12.600000381469727
11-05-2018,12.359999656677246,12.479999542236328,29567,13.4399995803833,13.199999809265137,13.199999809265137
14-05-2018,12.479999542236328,13.4399995803833,25242,13.4399995803833,12.960000038146973,12.960000038146973
15-05-2018,12.479999542236328,12.84000015258789,7292,12.84000015258789,12.600000381469727,12.600000381469727
16-05-2018,12.720000267028809,12.720000267028809,8600,12.84000015258789,12.84000015258789,12.84000015258789
17-05-2018,12.479999542236328,12.720000267028809,12333,12.960000038146973,12.84000015258789,12.84000015258789
18-05-2018,12.359999656677246,13.079999923706055,21717,13.079999923706055,12.84000015258789,12.84000015258789
21-05-2018,12.600000381469727,12.84000015258789,17117,12.84000015258789,12.600000381469727,12.600000381469727
22-05-2018,12.600000381469727,12.720000267028809,11775,12.720000267028809,12.720000267028809,12.720000267028809
23-05-2018,12.479999542236328,12.600000381469727,13992,12.84000015258789,12.720000267028809,12.720000267028809
24-05-2018,12.720000267028809,12.720000267028809,18692,12.84000015258789,12.720000267028809,12.720000267028809
25-05-2018,12.84000015258789,12.84000015258789,62658,13.800000190734863,13.4399995803833,13.4399995803833
29-05-2018,13.319999694824219,13.4399995803833,50408,14.15999984741211,14.15999984741211,14.15999984741211
30-05-2018,13.920000076293945,14.15999984741211,69125,15.479999542236328,14.039999961853027,14.039999961853027
31-05-2018,13.319999694824219,14.279999732971191,22475,14.279999732971191,13.5600004196167,13.5600004196167
01-06-2018,13.4399995803833,13.680000305175781,15008,13.800000190734863,13.5600004196167,13.5600004196167
04-06-2018,13.4399995803833,13.680000305175781,18408,13.800000190734863,13.4399995803833,13.4399995803833
05-06-2018,13.4399995803833,13.5600004196167,17242,13.800000190734863,13.800000190734863,13.800000190734863
06-06-2018,13.4399995803833,13.4399995803833,15325,13.800000190734863,13.5600004196167,13.5600004196167
07-06-2018,13.5600004196167,13.680000305175781,45425,14.15999984741211,13.800000190734863,13.800000190734863
08-06-2018,13.319999694824219,13.800000190734863,27042,13.920000076293945,13.5600004196167,13.5600004196167
11-06-2018,12.84000015258789,13.4399995803833,32408,13.4399995803833,12.960000038146973,12.960000038146973
12-06-2018,12.720000267028809,13.079999923706055,22283,13.199999809265137,13.079999923706055,13.079999923706055
13-06-2018,12.720000267028809,13.079999923706055,17867,13.199999809265137,12.720000267028809,12.720000267028809
14-06-2018,12.359999656677246,12.720000267028809,38317,12.84000015258789,12.359999656677246,12.359999656677246
15-06-2018,12.119999885559082,12.479999542236328,26942,12.600000381469727,12.479999542236328,12.479999542236328
18-06-2018,12.239999771118164,12.479999542236328,16217,12.720000267028809,12.359999656677246,12.359999656677246
19-06-2018,12.359999656677246,12.479999542236328,26742,12.84000015258789,12.600000381469727,12.600000381469727
20-06-2018,12.600000381469727,18.1200008392334,1096208,18.239999771118164,12.960000038146973,12.960000038146973
21-06-2018,12.359999656677246,12.84000015258789,157708,12.960000038146973,12.600000381469727,12.600000381469727
22-06-2018,12.239999771118164,12.960000038146973,62875,12.960000038146973,12.359999656677246,12.359999656677246
25-06-2018,11.760000228881836,12.239999771118164,61375,12.239999771118164,12.0,12.0
26-06-2018,11.760000228881836,12.119999885559082,29367,12.600000381469727,12.479999542236328,12.479999542236328
27-06-2018,12.0,12.479999542236328,80208,12.84000015258789,12.0,12.0
28-06-2018,12.0,12.960000038146973,121908,12.960000038146973,12.239999771118164,12.239999771118164
29-06-2018,11.880000114440918,12.239999771118164,46458,12.239999771118164,12.0,12.0
02-07-2018,10.920000076293945,12.0,54942,12.119999885559082,11.520000457763672,11.520000457763672
03-07-2018,11.15999984741211,12.0,24492,12.0,11.15999984741211,11.15999984741211
05-07-2018,11.15999984741211,11.520000457763672,17425,11.880000114440918,11.760000228881836,11.760000228881836
06-07-2018,11.399999618530273,11.760000228881836,17475,12.0,12.0,12.0
09-07-2018,11.520000457763672,11.880000114440918,12175,12.0,11.640000343322754,11.640000343322754
10-07-2018,11.520000457763672,11.640000343322754,8708,11.880000114440918,11.520000457763672,11.520000457763672
11-07-2018,11.520000457763672,11.640000343322754,6617,11.760000228881836,11.640000343322754,11.640000343322754
12-07-2018,11.520000457763672,11.760000228881836,8692,11.760000228881836,11.520000457763672,11.520000457763672
13-07-2018,11.520000457763672,11.640000343322754,9850,11.760000228881836,11.760000228881836,11.760000228881836
16-07-2018,11.520000457763672,11.760000228881836,8917,11.880000114440918,11.520000457763672,11.520000457763672
17-07-2018,11.520000457763672,11.520000457763672,16250,11.760000228881836,11.640000343322754,11.640000343322754
18-07-2018,11.520000457763672,11.880000114440918,59275,12.720000267028809,12.720000267028809,12.720000267028809
19-07-2018,11.760000228881836,12.720000267028809,28067,12.720000267028809,12.119999885559082,12.119999885559082
20-07-2018,11.880000114440918,12.239999771118164,207383,13.319999694824219,12.119999885559082,12.119999885559082
23-07-2018,11.520000457763672,12.0,66400,12.239999771118164,11.640000343322754,11.640000343322754
24-07-2018,10.920000076293945,11.760000228881836,67100,12.119999885559082,11.15999984741211,11.15999984741211
25-07-2018,10.920000076293945,11.279999732971191,34058,11.279999732971191,11.279999732971191,11.279999732971191
26-07-2018,10.920000076293945,11.399999618530273,23025,11.399999618530273,11.15999984741211,11.15999984741211
27-07-2018,10.920000076293945,11.279999732971191,22167,11.279999732971191,10.920000076293945,10.920000076293945
30-07-2018,10.319999694824219,11.039999961853027,36883,11.039999961853027,10.4399995803833,10.4399995803833
31-07-2018,10.199999809265137,10.5600004196167,23942,10.800000190734863,10.680000305175781,10.680000305175781
01-08-2018,10.199999809265137,10.800000190734863,62567,11.15999984741211,10.319999694824219,10.319999694824219
02-08-2018,10.199999809265137,10.199999809265137,24217,10.4399995803833,10.4399995803833,10.4399995803833
03-08-2018,10.199999809265137,10.199999809265137,12875,10.800000190734863,10.800000190734863,10.800000190734863
06-08-2018,10.5600004196167,10.800000190734863,13250,11.039999961853027,10.5600004196167,10.5600004196167
07-08-2018,10.4399995803833,10.800000190734863,11850,10.800000190734863,10.800000190734863,10.800000190734863
08-08-2018,10.4399995803833,10.800000190734863,11375,10.920000076293945,10.800000190734863,10.800000190734863
09-08-2018,10.680000305175781,10.680000305175781,20100,11.039999961853027,10.920000076293945,10.920000076293945
10-08-2018,10.319999694824219,10.680000305175781,36458,10.920000076293945,10.4399995803833,10.4399995803833
13-08-2018,10.319999694824219,10.5600004196167,13575,10.680000305175781,10.319999694824219,10.319999694824219
14-08-2018,10.4399995803833,10.680000305175781,13875,10.680000305175781,10.5600004196167,10.5600004196167
15-08-2018,10.319999694824219,10.680000305175781,9325,10.680000305175781,10.319999694824219,10.319999694824219
16-08-2018,10.319999694824219,10.5600004196167,5592,10.680000305175781,10.4399995803833,10.4399995803833
17-08-2018,10.319999694824219,10.5600004196167,35050,11.039999961853027,10.5600004196167,10.5600004196167
20-08-2018,10.5600004196167,10.800000190734863,10700,11.039999961853027,10.5600004196167,10.5600004196167
21-08-2018,10.680000305175781,10.800000190734863,9667,11.039999961853027,10.680000305175781,10.680000305175781
22-08-2018,10.680000305175781,10.800000190734863,5258,11.15999984741211,11.039999961853027,11.039999961853027
23-08-2018,11.039999961853027,11.15999984741211,9417,11.640000343322754,11.640000343322754,11.640000343322754
24-08-2018,11.640000343322754,11.760000228881836,27783,12.239999771118164,11.640000343322754,11.640000343322754
27-08-2018,11.399999618530273,12.0,11792,12.119999885559082,11.880000114440918,11.880000114440918
28-08-2018,11.760000228881836,11.880000114440918,12433,12.119999885559082,11.760000228881836,11.760000228881836
29-08-2018,11.760000228881836,12.0,12008,12.0,12.0,12.0
30-08-2018,11.760000228881836,11.760000228881836,62492,12.84000015258789,12.600000381469727,12.600000381469727
31-08-2018,12.119999885559082,12.479999542236328,17825,12.479999542236328,12.119999885559082,12.119999885559082
04-09-2018,12.0,12.239999771118164,10117,12.479999542236328,12.239999771118164,12.239999771118164
05-09-2018,11.760000228881836,12.239999771118164,15908,12.239999771118164,12.119999885559082,12.119999885559082
06-09-2018,11.760000228881836,12.0,7775,12.239999771118164,11.760000228881836,11.760000228881836
07-09-2018,11.760000228881836,11.880000114440918,19517,12.239999771118164,12.0,12.0
10-09-2018,11.880000114440918,12.239999771118164,32933,12.479999542236328,12.359999656677246,12.359999656677246
11-09-2018,12.0,12.359999656677246,9217,12.479999542236328,12.119999885559082,12.119999885559082
12-09-2018,12.0,12.0,17625,12.359999656677246,12.239999771118164,12.239999771118164
13-09-2018,11.880000114440918,12.119999885559082,23600,12.239999771118164,11.880000114440918,11.880000114440918
14-09-2018,11.880000114440918,12.119999885559082,6000,12.119999885559082,11.880000114440918,11.880000114440918
17-09-2018,12.0,12.119999885559082,11842,12.119999885559082,12.0,12.0
18-09-2018,11.520000457763672,12.0,20825,12.239999771118164,11.640000343322754,11.640000343322754
19-09-2018,11.640000343322754,11.880000114440918,7550,11.880000114440918,11.760000228881836,11.760000228881836
20-09-2018,11.880000114440918,12.0,11925,12.239999771118164,12.0,12.0
21-09-2018,11.520000457763672,11.880000114440918,7858,12.0,11.640000343322754,11.640000343322754
24-09-2018,11.399999618530273,11.880000114440918,17250,12.0,11.760000228881836,11.760000228881836
25-09-2018,11.760000228881836,11.760000228881836,10075,11.880000114440918,11.760000228881836,11.760000228881836
26-09-2018,11.399999618530273,11.760000228881836,10300,11.880000114440918,11.399999618530273,11.399999618530273
27-09-2018,10.920000076293945,11.520000457763672,9317,11.520000457763672,11.279999732971191,11.279999732971191
28-09-2018,10.920000076293945,11.15999984741211,11058,11.520000457763672,11.039999961853027,11.039999961853027
01-10-2018,11.15999984741211,11.399999618530273,9975,11.399999618530273,11.15999984741211,11.15999984741211
02-10-2018,11.15999984741211,11.15999984741211,145108,12.119999885559082,11.520000457763672,11.520000457763672
03-10-2018,10.800000190734863,11.279999732971191,33183,11.760000228881836,10.920000076293945,10.920000076293945
04-10-2018,10.920000076293945,11.039999961853027,18042,11.399999618530273,11.15999984741211,11.15999984741211
05-10-2018,10.920000076293945,11.279999732971191,4608,11.399999618530273,10.920000076293945,10.920000076293945
08-10-2018,10.920000076293945,11.039999961853027,12025,11.279999732971191,11.039999961853027,11.039999961853027
09-10-2018,10.680000305175781,11.039999961853027,17675,11.039999961853027,10.680000305175781,10.680000305175781
10-10-2018,10.5600004196167,10.5600004196167,10942,10.920000076293945,10.680000305175781,10.680000305175781
11-10-2018,10.319999694824219,10.680000305175781,12683,10.920000076293945,10.5600004196167,10.5600004196167
12-10-2018,10.4399995803833,10.800000190734863,8133,10.920000076293945,10.680000305175781,10.680000305175781
15-10-2018,10.5600004196167,10.5600004196167,5958,10.920000076293945,10.680000305175781,10.680000305175781
16-10-2018,10.800000190734863,10.800000190734863,10842,11.039999961853027,11.039999961853027,11.039999961853027
17-10-2018,10.800000190734863,11.039999961853027,12175,11.15999984741211,11.15999984741211,11.15999984741211
18-10-2018,10.800000190734863,11.520000457763672,39867,11.640000343322754,10.920000076293945,10.920000076293945
19-10-2018,11.039999961853027,11.279999732971191,55283,11.880000114440918,11.520000457763672,11.520000457763672
22-10-2018,11.279999732971191,11.760000228881836,7300,12.0,11.520000457763672,11.520000457763672
23-10-2018,11.15999984741211,11.520000457763672,10892,11.760000228881836,11.15999984741211,11.15999984741211
24-10-2018,9.84000015258789,11.399999618530273,25458,11.399999618530273,11.039999961853027,11.039999961853027
25-10-2018,10.680000305175781,10.920000076293945,7217,11.039999961853027,10.680000305175781,10.680000305175781
26-10-2018,10.319999694824219,10.680000305175781,6358,10.800000190734863,10.680000305175781,10.680000305175781
29-10-2018,10.4399995803833,10.4399995803833,7108,11.039999961853027,10.800000190734863,10.800000190734863
30-10-2018,10.4399995803833,10.4399995803833,8192,10.800000190734863,10.800000190734863,10.800000190734863
31-10-2018,10.4399995803833,10.4399995803833,6158,10.800000190734863,10.5600004196167,10.5600004196167
01-11-2018,10.199999809265137,10.5600004196167,15075,10.800000190734863,10.800000190734863,10.800000190734863
02-11-2018,10.4399995803833,10.5600004196167,12575,11.15999984741211,10.800000190734863,10.800000190734863
05-11-2018,10.800000190734863,10.800000190734863,17400,11.15999984741211,10.920000076293945,10.920000076293945
06-11-2018,10.800000190734863,10.920000076293945,8267,11.039999961853027,10.920000076293945,10.920000076293945
07-11-2018,10.920000076293945,11.039999961853027,8425,11.15999984741211,11.15999984741211,11.15999984741211
08-11-2018,10.800000190734863,11.15999984741211,4092,11.15999984741211,10.920000076293945,10.920000076293945
09-11-2018,10.680000305175781,10.920000076293945,15208,11.15999984741211,11.039999961853027,11.039999961853027
12-11-2018,10.4399995803833,11.15999984741211,19133,11.520000457763672,10.5600004196167,10.5600004196167
13-11-2018,10.319999694824219,10.680000305175781,7592,10.920000076293945,10.4399995803833,10.4399995803833
14-11-2018,9.960000038146973,10.319999694824219,12642,10.5600004196167,10.199999809265137,10.199999809265137
15-11-2018,6.480000019073486,10.079999923706055,111058,10.199999809265137,9.359999656677246,9.359999656677246
16-11-2018,7.199999809265137,9.359999656677246,34150,9.600000381469727,8.880000114440918,8.880000114440918
19-11-2018,8.520000457763672,8.880000114440918,25567,9.119999885559082,9.0,9.0
20-11-2018,8.279999732971191,8.520000457763672,29075,9.239999771118164,9.119999885559082,9.119999885559082
21-11-2018,8.760000228881836,9.0,13575,9.119999885559082,9.119999885559082,9.119999885559082
23-11-2018,8.640000343322754,8.640000343322754,3850,9.119999885559082,9.0,9.0
26-11-2018,9.0,9.0,14050,9.479999542236328,9.359999656677246,9.359999656677246
27-11-2018,9.239999771118164,9.359999656677246,9500,9.600000381469727,9.479999542236328,9.479999542236328
28-11-2018,9.479999542236328,9.600000381469727,9692,9.84000015258789,9.600000381469727,9.600000381469727
29-11-2018,9.600000381469727,9.84000015258789,6567,9.84000015258789,9.84000015258789,9.84000015258789
30-11-2018,9.479999542236328,9.84000015258789,14558,9.84000015258789,9.479999542236328,9.479999542236328
03-12-2018,9.479999542236328,9.479999542236328,9492,9.720000267028809,9.600000381469727,9.600000381469727
04-12-2018,9.0,9.600000381469727,13092,9.600000381469727,9.239999771118164,9.239999771118164
06-12-2018,9.0,9.119999885559082,14183,9.119999885559082,9.0,9.0
07-12-2018,9.0,9.119999885559082,6000,9.119999885559082,9.0,9.0
10-12-2018,8.520000457763672,9.119999885559082,7667,9.119999885559082,8.640000343322754,8.640000343322754
11-12-2018,8.399999618530273,8.640000343322754,13200,8.880000114440918,8.520000457763672,8.520000457763672
12-12-2018,8.399999618530273,8.399999618530273,10042,8.640000343322754,8.520000457763672,8.520000457763672
13-12-2018,7.679999828338623,8.399999618530273,29175,8.399999618530273,7.800000190734863,7.800000190734863
14-12-2018,7.679999828338623,7.920000076293945,19767,8.039999961853027,7.920000076293945,7.920000076293945
17-12-2018,7.679999828338623,8.039999961853027,11400,8.039999961853027,7.920000076293945,7.920000076293945
18-12-2018,7.440000057220459,7.920000076293945,22575,7.920000076293945,7.440000057220459,7.440000057220459
19-12-2018,7.079999923706055,7.440000057220459,28600,7.559999942779541,7.320000171661377,7.320000171661377
20-12-2018,7.199999809265137,7.559999942779541,12450,7.920000076293945,7.199999809265137,7.199999809265137
21-12-2018,7.199999809265137,7.199999809265137,19317,7.440000057220459,7.320000171661377,7.320000171661377
24-12-2018,6.840000152587891,7.320000171661377,27242,7.320000171661377,6.840000152587891,6.840000152587891
26-12-2018,6.599999904632568,6.840000152587891,22608,6.840000152587891,6.599999904632568,6.599999904632568
27-12-2018,6.360000133514404,6.599999904632568,46200,6.840000152587891,6.599999904632568,6.599999904632568
28-12-2018,6.360000133514404,6.599999904632568,23700,6.960000038146973,6.71999979019165,6.71999979019165
31-12-2018,6.480000019073486,6.71999979019165,34458,7.199999809265137,6.599999904632568,6.599999904632568
02-01-2019,6.480000019073486,6.599999904632568,17458,7.079999923706055,6.840000152587891,6.840000152587891
03-01-2019,6.840000152587891,6.960000038146973,19358,7.440000057220459,7.440000057220459,7.440000057220459
04-01-2019,7.320000171661377,7.559999942779541,9150,8.039999961853027,7.559999942779541,7.559999942779541
07-01-2019,7.199999809265137,7.559999942779541,24183,8.039999961853027,8.039999961853027,8.039999961853027
08-01-2019,7.800000190734863,8.520000457763672,13317,8.520000457763672,8.279999732971191,8.279999732971191
09-01-2019,7.800000190734863,8.399999618530273,17500,8.640000343322754,8.399999618530273,8.399999618530273
10-01-2019,7.920000076293945,8.399999618530273,6667,8.399999618530273,8.15999984741211,8.15999984741211
11-01-2019,7.800000190734863,8.15999984741211,16525,8.399999618530273,8.399999618530273,8.399999618530273
14-01-2019,8.039999961853027,8.399999618530273,6842,8.399999618530273,8.039999961853027,8.039999961853027
15-01-2019,8.039999961853027,8.15999984741211,40108,8.520000457763672,8.520000457763672,8.520000457763672
16-01-2019,8.399999618530273,8.520000457763672,16142,8.880000114440918,8.760000228881836,8.760000228881836
17-01-2019,8.640000343322754,8.880000114440918,9717,9.0,8.880000114440918,8.880000114440918
18-01-2019,8.520000457763672,8.880000114440918,6908,8.880000114440918,8.880000114440918,8.880000114440918
22-01-2019,8.279999732971191,8.880000114440918,32742,9.0,8.640000343322754,8.640000343322754
23-01-2019,7.440000057220459,8.399999618530273,26883,8.520000457763672,7.920000076293945,7.920000076293945
24-01-2019,7.559999942779541,7.800000190734863,5917,8.039999961853027,8.039999961853027,8.039999961853027
25-01-2019,8.039999961853027,8.15999984741211,8525,8.520000457763672,8.520000457763672,8.520000457763672
28-01-2019,8.279999732971191,8.520000457763672,9000,8.640000343322754,8.279999732971191,8.279999732971191
29-01-2019,8.279999732971191,8.399999618530273,6192,8.520000457763672,8.279999732971191,8.279999732971191
30-01-2019,7.800000190734863,8.399999618530273,3792,8.640000343322754,8.279999732971191,8.279999732971191
31-01-2019,7.920000076293945,8.279999732971191,8492,8.279999732971191,8.039999961853027,8.039999961853027
01-02-2019,7.800000190734863,7.920000076293945,6142,8.399999618530273,8.039999961853027,8.039999961853027
04-02-2019,7.559999942779541,8.15999984741211,16208,8.15999984741211,7.800000190734863,7.800000190734863
05-02-2019,7.079999923706055,7.920000076293945,33667,7.920000076293945,7.320000171661377,7.320000171661377
06-02-2019,7.440000057220459,7.440000057220459,18525,7.800000190734863,7.440000057220459,7.440000057220459
07-02-2019,7.199999809265137,7.559999942779541,7592,7.679999828338623,7.199999809265137,7.199999809265137
08-02-2019,7.079999923706055,7.199999809265137,11417,7.440000057220459,7.079999923706055,7.079999923706055
11-02-2019,7.079999923706055,7.199999809265137,6200,7.440000057220459,7.199999809265137,7.199999809265137
12-02-2019,7.199999809265137,7.320000171661377,6100,7.440000057220459,7.320000171661377,7.320000171661377
13-02-2019,7.079999923706055,7.320000171661377,121608,7.920000076293945,7.679999828338623,7.679999828338623
14-02-2019,7.079999923706055,7.320000171661377,33517,7.679999828338623,7.320000171661377,7.320000171661377
15-02-2019,7.320000171661377,7.440000057220459,15733,7.679999828338623,7.559999942779541,7.559999942779541
19-02-2019,7.320000171661377,7.559999942779541,12758,7.679999828338623,7.559999942779541,7.559999942779541
20-02-2019,7.199999809265137,7.559999942779541,9875,7.559999942779541,7.320000171661377,7.320000171661377
21-02-2019,6.71999979019165,7.320000171661377,13608,7.440000057220459,7.079999923706055,7.079999923706055
22-02-2019,6.71999979019165,7.199999809265137,13025,7.199999809265137,7.079999923706055,7.079999923706055
25-02-2019,6.840000152587891,6.840000152587891,9858,7.199999809265137,7.079999923706055,7.079999923706055
26-02-2019,6.960000038146973,7.199999809265137,8833,7.320000171661377,7.079999923706055,7.079999923706055
27-02-2019,7.079999923706055,7.079999923706055,3367,7.199999809265137,7.199999809265137,7.199999809265137
28-02-2019,6.960000038146973,7.079999923706055,11000,7.199999809265137,7.199999809265137,7.199999809265137
01-03-2019,7.199999809265137,7.199999809265137,21633,7.440000057220459,7.320000171661377,7.320000171661377
04-03-2019,7.199999809265137,7.440000057220459,10058,7.559999942779541,7.440000057220459,7.440000057220459
05-03-2019,7.440000057220459,7.440000057220459,8792,7.559999942779541,7.559999942779541,7.559999942779541
06-03-2019,7.440000057220459,7.559999942779541,7242,7.559999942779541,7.440000057220459,7.440000057220459
07-03-2019,7.320000171661377,7.440000057220459,8092,7.440000057220459,7.320000171661377,7.320000171661377
08-03-2019,6.960000038146973,7.440000057220459,12642,7.440000057220459,7.199999809265137,7.199999809265137
11-03-2019,7.079999923706055,7.199999809265137,10258,7.440000057220459,7.199999809265137,7.199999809265137
12-03-2019,7.199999809265137,7.199999809265137,4258,7.440000057220459,7.320000171661377,7.320000171661377
13-03-2019,7.199999809265137,7.199999809265137,14383,7.440000057220459,7.199999809265137,7.199999809265137
14-03-2019,6.960000038146973,7.320000171661377,26958,7.320000171661377,7.320000171661377,7.320000171661377
15-03-2019,6.960000038146973,7.199999809265137,16692,7.800000190734863,7.320000171661377,7.320000171661377
18-03-2019,7.079999923706055,7.079999923706055,3467,7.320000171661377,7.079999923706055,7.079999923706055
19-03-2019,6.840000152587891,7.079999923706055,7758,7.199999809265137,6.960000038146973,6.960000038146973
20-03-2019,6.71999979019165,6.960000038146973,20492,7.079999923706055,7.079999923706055,7.079999923706055
21-03-2019,7.079999923706055,7.079999923706055,72525,7.800000190734863,7.320000171661377,7.320000171661377
22-03-2019,6.960000038146973,7.440000057220459,15383,7.440000057220459,7.079999923706055,7.079999923706055
25-03-2019,6.840000152587891,7.079999923706055,25467,7.559999942779541,6.960000038146973,6.960000038146973
26-03-2019,6.599999904632568,7.079999923706055,35725,7.079999923706055,6.599999904632568,6.599999904632568
27-03-2019,6.480000019073486,6.599999904632568,25092,6.840000152587891,6.599999904632568,6.599999904632568
28-03-2019,6.480000019073486,6.599999904632568,26950,6.71999979019165,6.599999904632568,6.599999904632568
29-03-2019,5.880000114440918,6.480000019073486,69833,6.71999979019165,6.599999904632568,6.599999904632568
01-04-2019,6.71999979019165,6.840000152587891,44075,7.920000076293945,7.800000190734863,7.800000190734863
02-04-2019,8.039999961853027,8.399999618530273,56367,9.0,8.880000114440918,8.880000114440918
03-04-2019,8.15999984741211,8.279999732971191,46417,9.720000267028809,9.119999885559082,9.119999885559082
04-04-2019,9.239999771118164,9.720000267028809,59308,10.199999809265137,9.960000038146973,9.960000038146973
05-04-2019,9.600000381469727,9.84000015258789,32650,10.5600004196167,10.319999694824219,10.319999694824219
08-04-2019,10.199999809265137,11.15999984741211,33783,11.399999618530273,10.5600004196167,10.5600004196167
09-04-2019,10.680000305175781,11.15999984741211,21275,11.399999618530273,10.920000076293945,10.920000076293945
10-04-2019,9.84000015258789,11.039999961853027,28492,11.039999961853027,10.199999809265137,10.199999809265137
11-04-2019,9.84000015258789,10.4399995803833,11292,10.5600004196167,10.319999694824219,10.319999694824219
12-04-2019,9.720000267028809,10.199999809265137,10792,10.680000305175781,10.079999923706055,10.079999923706055
15-04-2019,9.84000015258789,10.4399995803833,11375,10.5600004196167,10.5600004196167,10.5600004196167
16-04-2019,10.199999809265137,10.5600004196167,6800,10.5600004196167,10.4399995803833,10.4399995803833
17-04-2019,10.319999694824219,10.5600004196167,6142,10.5600004196167,10.319999694824219,10.319999694824219
18-04-2019,9.960000038146973,9.960000038146973,9483,10.5600004196167,10.319999694824219,10.319999694824219
22-04-2019,9.600000381469727,10.319999694824219,9175,10.319999694824219,10.199999809265137,10.199999809265137
23-04-2019,10.199999809265137,10.5600004196167,35608,11.399999618530273,11.15999984741211,11.15999984741211
24-04-2019,11.15999984741211,11.520000457763672,58458,12.600000381469727,11.760000228881836,11.760000228881836
25-04-2019,11.15999984741211,12.0,16200,12.0,11.399999618530273,11.399999618530273
26-04-2019,11.399999618530273,11.760000228881836,19175,12.239999771118164,12.0,12.0
29-04-2019,12.0,12.119999885559082,14475,12.479999542236328,12.479999542236328,12.479999542236328
30-04-2019,11.520000457763672,12.479999542236328,12992,12.479999542236328,11.760000228881836,11.760000228881836
01-05-2019,11.520000457763672,12.0,8642,12.119999885559082,11.760000228881836,11.760000228881836
02-05-2019,11.15999984741211,12.359999656677246,11117,12.359999656677246,11.760000228881836,11.760000228881836
03-05-2019,11.15999984741211,12.0,8050,12.0,11.640000343322754,11.640000343322754
06-05-2019,11.279999732971191,11.520000457763672,5183,11.880000114440918,11.279999732971191,11.279999732971191
07-05-2019,10.4399995803833,11.520000457763672,12975,11.640000343322754,10.4399995803833,10.4399995803833
08-05-2019,10.5600004196167,10.5600004196167,10158,11.279999732971191,10.920000076293945,10.920000076293945
09-05-2019,10.800000190734863,10.920000076293945,7917,11.279999732971191,10.800000190734863,10.800000190734863
10-05-2019,9.600000381469727,10.800000190734863,30200,10.800000190734863,9.960000038146973,9.960000038146973
13-05-2019,9.84000015258789,9.84000015258789,9008,10.920000076293945,10.5600004196167,10.5600004196167
14-05-2019,10.5600004196167,10.5600004196167,6958,11.039999961853027,10.800000190734863,10.800000190734863
15-05-2019,10.800000190734863,10.920000076293945,62958,12.359999656677246,11.279999732971191,11.279999732971191
16-05-2019,11.039999961853027,11.039999961853027,30008,12.359999656677246,11.760000228881836,11.760000228881836
17-05-2019,11.279999732971191,12.119999885559082,10817,12.119999885559082,11.640000343322754,11.640000343322754
20-05-2019,11.399999618530273,11.880000114440918,8300,12.0,11.640000343322754,11.640000343322754
21-05-2019,11.399999618530273,12.0,9433,12.0,11.640000343322754,11.640000343322754
22-05-2019,11.640000343322754,11.640000343322754,16583,12.239999771118164,12.119999885559082,12.119999885559082
23-05-2019,12.119999885559082,12.119999885559082,98633,13.4399995803833,13.4399995803833,13.4399995803833
24-05-2019,9.479999542236328,10.800000190734863,127750,10.800000190734863,9.84000015258789,9.84000015258789
28-05-2019,9.479999542236328,9.479999542236328,26650,10.199999809265137,10.199999809265137,10.199999809265137
29-05-2019,9.479999542236328,9.960000038146973,34367,9.960000038146973,9.720000267028809,9.720000267028809
30-05-2019,9.119999885559082,10.800000190734863,176658,10.800000190734863,9.359999656677246,9.359999656677246
31-05-2019,8.15999984741211,9.119999885559082,39342,9.239999771118164,9.0,9.0
03-06-2019,8.399999618530273,8.880000114440918,16642,9.119999885559082,8.880000114440918,8.880000114440918
04-06-2019,8.399999618530273,9.119999885559082,11292,9.720000267028809,9.119999885559082,9.119999885559082
05-06-2019,8.399999618530273,9.119999885559082,14283,9.119999885559082,8.520000457763672,8.520000457763672
06-06-2019,8.039999961853027,8.399999618530273,17767,8.640000343322754,8.039999961853027,8.039999961853027
07-06-2019,8.039999961853027,8.039999961853027,4917,8.399999618530273,8.399999618530273,8.399999618530273
10-06-2019,8.399999618530273,8.399999618530273,9708,9.0,8.520000457763672,8.520000457763672
11-06-2019,8.15999984741211,8.760000228881836,5458,9.0,8.399999618530273,8.399999618530273
12-06-2019,8.279999732971191,8.399999618530273,123225,9.359999656677246,8.279999732971191,8.279999732971191
13-06-2019,8.15999984741211,8.520000457763672,23883,8.640000343322754,8.279999732971191,8.279999732971191
14-06-2019,8.039999961853027,8.279999732971191,5100,8.520000457763672,8.279999732971191,8.279999732971191
17-06-2019,8.039999961853027,8.399999618530273,7400,8.399999618530273,8.279999732971191,8.279999732971191
18-06-2019,7.920000076293945,8.15999984741211,10317,8.520000457763672,8.399999618530273,8.399999618530273
19-06-2019,8.279999732971191,8.279999732971191,12142,8.880000114440918,8.279999732971191,8.279999732971191
20-06-2019,8.279999732971191,8.640000343322754,9758,8.640000343322754,8.279999732971191,8.279999732971191
21-06-2019,7.800000190734863,8.520000457763672,5592,8.640000343322754,7.800000190734863,7.800000190734863
24-06-2019,7.920000076293945,8.15999984741211,5608,8.279999732971191,7.920000076293945,7.920000076293945
25-06-2019,7.679999828338623,8.039999961853027,12050,8.039999961853027,7.679999828338623,7.679999828338623
26-06-2019,7.679999828338623,8.15999984741211,5917,8.279999732971191,8.039999961853027,8.039999961853027
27-06-2019,7.679999828338623,8.15999984741211,10950,8.279999732971191,7.800000190734863,7.800000190734863
28-06-2019,7.920000076293945,8.279999732971191,4333,8.279999732971191,7.920000076293945,7.920000076293945
01-07-2019,7.440000057220459,8.399999618530273,20092,8.399999618530273,7.559999942779541,7.559999942779541
02-07-2019,7.440000057220459,8.15999984741211,13750,8.15999984741211,7.559999942779541,7.559999942779541
03-07-2019,7.800000190734863,7.800000190734863,5167,8.039999961853027,7.920000076293945,7.920000076293945
05-07-2019,7.800000190734863,8.039999961853027,4900,8.15999984741211,8.039999961853027,8.039999961853027
08-07-2019,7.559999942779541,7.559999942779541,6508,8.15999984741211,7.800000190734863,7.800000190734863
09-07-2019,7.679999828338623,8.15999984741211,3925,8.279999732971191,7.679999828338623,7.679999828338623
10-07-2019,7.800000190734863,7.800000190734863,6833,8.279999732971191,8.039999961853027,8.039999961853027
11-07-2019,7.920000076293945,8.399999618530273,28175,8.760000228881836,8.15999984741211,8.15999984741211
12-07-2019,7.679999828338623,7.920000076293945,6908,8.399999618530273,7.679999828338623,7.679999828338623
15-07-2019,7.800000190734863,8.039999961853027,3617,8.399999618530273,8.039999961853027,8.039999961853027
16-07-2019,7.800000190734863,8.039999961853027,13792,8.279999732971191,7.920000076293945,7.920000076293945
17-07-2019,7.920000076293945,8.039999961853027,3733,8.279999732971191,8.039999961853027,8.039999961853027
18-07-2019,7.920000076293945,8.039999961853027,19292,8.399999618530273,8.039999961853027,8.039999961853027
19-07-2019,8.039999961853027,8.15999984741211,19542,8.399999618530273,8.039999961853027,8.039999961853027
22-07-2019,8.039999961853027,8.279999732971191,9325,8.399999618530273,8.039999961853027,8.039999961853027
23-07-2019,7.920000076293945,8.039999961853027,30333,8.399999618530273,7.920000076293945,7.920000076293945
24-07-2019,7.800000190734863,7.920000076293945,9025,8.039999961853027,7.800000190734863,7.800000190734863
25-07-2019,7.679999828338623,7.920000076293945,3767,7.920000076293945,7.800000190734863,7.800000190734863
26-07-2019,7.800000190734863,7.920000076293945,43783,8.279999732971191,8.039999961853027,8.039999961853027
29-07-2019,7.679999828338623,8.15999984741211,8200,8.15999984741211,7.920000076293945,7.920000076293945
30-07-2019,7.920000076293945,7.920000076293945,8808,8.15999984741211,8.15999984741211,8.15999984741211
31-07-2019,7.920000076293945,8.15999984741211,22733,8.399999618530273,8.039999961853027,8.039999961853027
01-08-2019,8.15999984741211,8.15999984741211,5750,8.640000343322754,8.15999984741211,8.15999984741211
02-08-2019,8.15999984741211,8.15999984741211,9683,8.640000343322754,8.399999618530273,8.399999618530273
05-08-2019,8.399999618530273,8.640000343322754,5000,8.640000343322754,8.399999618530273,8.399999618530273
06-08-2019,8.279999732971191,8.399999618530273,8442,8.520000457763672,8.279999732971191,8.279999732971191
07-08-2019,8.399999618530273,8.520000457763672,7000,8.640000343322754,8.399999618530273,8.399999618530273
08-08-2019,8.279999732971191,8.640000343322754,8025,8.640000343322754,8.279999732971191,8.279999732971191
09-08-2019,8.15999984741211,8.399999618530273,7542,8.399999618530273,8.279999732971191,8.279999732971191
12-08-2019,8.039999961853027,8.399999618530273,9433,8.399999618530273,8.039999961853027,8.039999961853027
13-08-2019,8.15999984741211,8.15999984741211,1458,8.520000457763672,8.279999732971191,8.279999732971191
14-08-2019,7.199999809265137,8.399999618530273,15842,8.520000457763672,7.320000171661377,7.320000171661377
15-08-2019,7.440000057220459,7.440000057220459,9025,7.920000076293945,7.800000190734863,7.800000190734863
16-08-2019,7.440000057220459,7.920000076293945,3725,7.920000076293945,7.440000057220459,7.440000057220459
19-08-2019,7.440000057220459,7.800000190734863,1650,7.920000076293945,7.800000190734863,7.800000190734863
20-08-2019,7.440000057220459,7.800000190734863,6200,7.800000190734863,7.679999828338623,7.679999828338623
21-08-2019,7.559999942779541,7.800000190734863,7125,8.15999984741211,8.039999961853027,8.039999961853027
22-08-2019,7.679999828338623,7.800000190734863,7008,8.399999618530273,8.15999984741211,8.15999984741211
23-08-2019,7.559999942779541,8.279999732971191,6092,8.279999732971191,7.800000190734863,7.800000190734863
26-08-2019,7.440000057220459,8.15999984741211,13092,8.15999984741211,8.039999961853027,8.039999961853027
27-08-2019,7.199999809265137,8.15999984741211,7250,8.15999984741211,7.679999828338623,7.679999828338623
28-08-2019,7.320000171661377,8.039999961853027,6175,8.039999961853027,7.800000190734863,7.800000190734863
29-08-2019,7.559999942779541,7.679999828338623,1142,7.800000190734863,7.679999828338623,7.679999828338623
30-08-2019,7.800000190734863,7.800000190734863,10125,8.399999618530273,8.279999732971191,8.279999732971191
03-09-2019,8.279999732971191,8.279999732971191,12450,8.520000457763672,8.399999618530273,8.399999618530273
04-09-2019,8.399999618530273,8.520000457763672,4942,8.520000457763672,8.399999618530273,8.399999618530273
05-09-2019,7.800000190734863,8.399999618530273,4275,8.399999618530273,8.399999618530273,8.399999618530273
06-09-2019,8.399999618530273,8.399999618530273,14550,9.0,8.760000228881836,8.760000228881836
09-09-2019,8.760000228881836,9.0,29992,9.479999542236328,9.119999885559082,9.119999885559082
10-09-2019,8.640000343322754,9.479999542236328,8700,9.600000381469727,8.640000343322754,8.640000343322754
11-09-2019,8.640000343322754,8.880000114440918,8050,9.0,9.0,9.0
12-09-2019,8.640000343322754,9.0,4933,9.0,8.760000228881836,8.760000228881836
13-09-2019,7.920000076293945,8.880000114440918,11500,8.880000114440918,8.279999732971191,8.279999732971191
16-09-2019,8.039999961853027,8.15999984741211,6758,8.399999618530273,8.399999618530273,8.399999618530273
17-09-2019,8.039999961853027,8.640000343322754,3475,8.640000343322754,8.279999732971191,8.279999732971191
18-09-2019,8.039999961853027,8.640000343322754,6750,8.640000343322754,8.279999732971191,8.279999732971191
19-09-2019,8.15999984741211,8.640000343322754,5825,8.640000343322754,8.399999618530273,8.399999618530273
20-09-2019,8.15999984741211,8.640000343322754,8167,8.640000343322754,8.15999984741211,8.15999984741211
23-09-2019,8.279999732971191,8.399999618530273,35167,9.359999656677246,8.640000343322754,8.640000343322754
24-09-2019,8.399999618530273,9.0,26317,9.239999771118164,8.880000114440918,8.880000114440918
25-09-2019,8.520000457763672,9.0,7017,9.239999771118164,8.760000228881836,8.760000228881836
26-09-2019,8.520000457763672,9.0,5133,9.119999885559082,8.760000228881836,8.760000228881836
27-09-2019,8.520000457763672,8.640000343322754,11875,9.359999656677246,8.880000114440918,8.880000114440918
30-09-2019,8.640000343322754,9.479999542236328,9025,9.600000381469727,8.640000343322754,8.640000343322754
01-10-2019,8.520000457763672,9.119999885559082,5075,9.119999885559082,8.880000114440918,8.880000114440918
02-10-2019,8.399999618530273,9.0,8558,9.0,8.399999618530273,8.399999618530273
03-10-2019,7.800000190734863,8.640000343322754,5025,9.0,8.279999732971191,8.279999732971191
04-10-2019,7.920000076293945,8.399999618530273,10017,9.359999656677246,8.880000114440918,8.880000114440918
07-10-2019,6.71999979019165,8.520000457763672,49667,8.520000457763672,7.559999942779541,7.559999942779541
08-10-2019,7.199999809265137,7.800000190734863,17717,7.920000076293945,7.440000057220459,7.440000057220459
09-10-2019,7.440000057220459,7.800000190734863,9725,7.800000190734863,7.440000057220459,7.440000057220459
10-10-2019,7.199999809265137,7.559999942779541,11667,7.559999942779541,7.199999809265137,7.199999809265137
11-10-2019,7.199999809265137,7.320000171661377,23083,7.679999828338623,7.320000171661377,7.320000171661377
14-10-2019,7.199999809265137,7.679999828338623,6358,7.679999828338623,7.320000171661377,7.320000171661377
15-10-2019,7.199999809265137,7.800000190734863,14275,7.800000190734863,7.440000057220459,7.440000057220459
16-10-2019,7.199999809265137,7.440000057220459,19650,7.800000190734863,7.800000190734863,7.800000190734863
17-10-2019,7.440000057220459,7.800000190734863,6367,7.920000076293945,7.440000057220459,7.440000057220459
18-10-2019,6.599999904632568,7.559999942779541,61350,7.679999828338623,6.840000152587891,6.840000152587891
21-10-2019,4.869999885559082,7.440000057220459,106600,7.440000057220459,5.0,5.0
22-10-2019,4.610000133514404,5.010000228881836,145000,5.840000152587891,4.820000171661377,4.820000171661377
23-10-2019,4.199999809265137,4.670000076293945,115800,5.099999904632568,4.53000020980835,4.53000020980835
24-10-2019,4.53000020980835,4.539999961853027,149600,5.599999904632568,5.28000020980835,5.28000020980835
25-10-2019,5.0,5.28000020980835,32000,5.53000020980835,5.519999980926514,5.519999980926514
28-10-2019,5.570000171661377,5.570000171661377,41500,6.050000190734863,6.050000190734863,6.050000190734863
29-10-2019,6.039999961853027,6.059999942779541,44100,6.5,6.449999809265137,6.449999809265137
30-10-2019,5.550000190734863,6.489999771118164,53800,6.769999980926514,5.860000133514404,5.860000133514404
31-10-2019,6.0,6.010000228881836,19600,6.260000228881836,6.130000114440918,6.130000114440918
01-11-2019,6.0,6.119999885559082,14300,6.28000020980835,6.230000019073486,6.230000019073486
04-11-2019,6.150000095367432,6.25,9900,6.5,6.429999828338623,6.429999828338623
05-11-2019,6.159999847412109,6.400000095367432,19000,6.420000076293945,6.420000076293945,6.420000076293945
06-11-2019,5.610000133514404,6.440000057220459,53600,6.440000057220459,5.75,5.75
07-11-2019,5.099999904632568,5.730000019073486,48900,5.809999942779541,5.150000095367432,5.150000095367432
08-11-2019,4.769999980926514,5.079999923706055,30200,5.190000057220459,5.090000152587891,5.090000152587891
11-11-2019,4.800000190734863,5.0,20500,5.090000152587891,5.090000152587891,5.090000152587891
12-11-2019,4.760000228881836,5.070000171661377,9900,5.090000152587891,4.820000171661377,4.820000171661377
13-11-2019,4.730000019073486,4.820000171661377,9700,5.0,4.869999885559082,4.869999885559082
14-11-2019,4.710000038146973,4.789999961853027,14100,4.980000019073486,4.75,4.75
15-11-2019,4.599999904632568,4.71999979019165,30800,4.75,4.699999809265137,4.699999809265137
18-11-2019,4.610000133514404,4.690000057220459,10900,4.840000152587891,4.840000152587891,4.840000152587891
19-11-2019,4.820000171661377,4.829999923706055,9000,4.929999828338623,4.860000133514404,4.860000133514404
20-11-2019,4.159999847412109,4.650000095367432,61100,4.730000019073486,4.210000038146973,4.210000038146973
21-11-2019,4.090000152587891,4.110000133514404,20500,4.369999885559082,4.260000228881836,4.260000228881836
22-11-2019,4.300000190734863,4.389999866485596,8400,4.389999866485596,4.360000133514404,4.360000133514404
25-11-2019,4.0,4.349999904632568,41200,4.349999904632568,4.070000171661377,4.070000171661377
26-11-2019,3.6600000858306885,4.110000133514404,58600,4.179999828338623,3.950000047683716,3.950000047683716
27-11-2019,3.8399999141693115,3.950000047683716,16000,4.21999979019165,3.869999885559082,3.869999885559082
29-11-2019,3.8399999141693115,4.0,4500,4.139999866485596,3.859999895095825,3.859999895095825
02-12-2019,3.809999942779541,3.950000047683716,17900,3.990000009536743,3.819999933242798,3.819999933242798
03-12-2019,3.4800000190734863,3.9000000953674316,65500,3.950000047683716,3.5399999618530273,3.5399999618530273
04-12-2019,3.4200000762939453,3.569999933242798,12100,3.75,3.4200000762939453,3.4200000762939453
05-12-2019,3.4200000762939453,3.4200000762939453,71000,4.019999980926514,4.0,4.0
06-12-2019,3.7100000381469727,4.019999980926514,21300,4.25,4.0,4.0
09-12-2019,3.609999895095825,4.0,28600,4.0,3.7899999618530273,3.7899999618530273
10-12-2019,3.619999885559082,3.6600000858306885,17200,3.8299999237060547,3.7899999618530273,3.7899999618530273
11-12-2019,3.380000114440918,3.759999990463257,22100,3.759999990463257,3.490000009536743,3.490000009536743
12-12-2019,3.4600000381469727,3.4600000381469727,20000,3.9000000953674316,3.9000000953674316,3.9000000953674316
13-12-2019,3.5199999809265137,3.7699999809265137,13000,3.9000000953674316,3.8499999046325684,3.8499999046325684
16-12-2019,3.8499999046325684,3.8499999046325684,40000,4.070000171661377,4.03000020980835,4.03000020980835
17-12-2019,4.079999923706055,4.099999904632568,8900,4.179999828338623,4.179999828338623,4.179999828338623
18-12-2019,4.019999980926514,4.090000152587891,24800,4.21999979019165,4.199999809265137,4.199999809265137
19-12-2019,4.099999904632568,4.099999904632568,16600,4.199999809265137,4.179999828338623,4.179999828338623
20-12-2019,4.480000019073486,4.679999828338623,137500,4.929999828338623,4.860000133514404,4.860000133514404
23-12-2019,4.96999979019165,5.0,44400,5.5,5.170000076293945,5.170000076293945
24-12-2019,5.019999980926514,5.070000171661377,18900,5.349999904632568,5.21999979019165,5.21999979019165
26-12-2019,4.880000114440918,5.320000171661377,17500,5.400000095367432,4.880000114440918,4.880000114440918
27-12-2019,4.889999866485596,4.889999866485596,13600,5.150000095367432,4.900000095367432,4.900000095367432
30-12-2019,4.5,4.860000133514404,33400,4.860000133514404,4.690000057220459,4.690000057220459
31-12-2019,4.25,4.599999904632568,34100,4.630000114440918,4.5,4.5
02-01-2020,4.429999828338623,4.429999828338623,23900,4.989999771118164,4.869999885559082,4.869999885559082
03-01-2020,4.579999923706055,4.869999885559082,5100,4.880000114440918,4.730000019073486,4.730000019073486
06-01-2020,4.670000076293945,4.730000019073486,12600,4.900000095367432,4.670000076293945,4.670000076293945
07-01-2020,4.619999885559082,4.619999885559082,5500,4.730000019073486,4.650000095367432,4.650000095367432
08-01-2020,4.369999885559082,4.71999979019165,25100,4.71999979019165,4.400000095367432,4.400000095367432
09-01-2020,4.329999923706055,4.329999923706055,5800,4.789999961853027,4.789999961853027,4.789999961853027
10-01-2020,4.5,4.679999828338623,4300,4.75,4.75,4.75
13-01-2020,4.610000133514404,4.75,14000,4.760000228881836,4.670000076293945,4.670000076293945
14-01-2020,4.610000133514404,4.71999979019165,6600,4.730000019073486,4.610000133514404,4.610000133514404
15-01-2020,4.550000190734863,4.550000190734863,7500,4.829999923706055,4.829999923706055,4.829999923706055
16-01-2020,4.809999942779541,4.809999942779541,16400,4.980000019073486,4.909999847412109,4.909999847412109
17-01-2020,4.800000190734863,4.929999828338623,4500,4.929999828338623,4.800000190734863,4.800000190734863
21-01-2020,4.650000095367432,4.920000076293945,27600,4.949999809265137,4.650000095367432,4.650000095367432
22-01-2020,4.320000171661377,4.619999885559082,27500,4.840000152587891,4.460000038146973,4.460000038146973
23-01-2020,4.340000152587891,4.510000228881836,10400,4.570000171661377,4.440000057220459,4.440000057220459
24-01-2020,4.119999885559082,4.480000019073486,20400,4.480000019073486,4.119999885559082,4.119999885559082
27-01-2020,3.700000047683716,4.0,18500,4.150000095367432,3.9100000858306885,3.9100000858306885
28-01-2020,3.9600000381469727,4.059999942779541,8700,4.429999828338623,4.420000076293945,4.420000076293945
29-01-2020,4.070000171661377,4.380000114440918,7800,4.460000038146973,4.099999904632568,4.099999904632568
30-01-2020,4.090000152587891,4.159999847412109,7500,4.210000038146973,4.130000114440918,4.130000114440918
31-01-2020,3.9000000953674316,4.130000114440918,18500,4.239999771118164,4.179999828338623,4.179999828338623
03-02-2020,3.7699999809265137,4.25,15700,4.25,3.930000066757202,3.930000066757202
04-02-2020,4.059999942779541,4.239999771118164,10400,4.25,4.150000095367432,4.150000095367432
05-02-2020,3.9000000953674316,4.0,6700,4.150000095367432,4.150000095367432,4.150000095367432
06-02-2020,4.010000228881836,4.150000095367432,15100,4.349999904632568,4.010000228881836,4.010000228881836
07-02-2020,3.9800000190734863,3.9800000190734863,7600,4.429999828338623,4.239999771118164,4.239999771118164
10-02-2020,3.950000047683716,4.199999809265137,20300,4.199999809265137,3.950000047683716,3.950000047683716
11-02-2020,3.700000047683716,3.9800000190734863,43600,3.990000009536743,3.9000000953674316,3.9000000953674316
12-02-2020,3.8499999046325684,3.880000114440918,10200,4.139999866485596,3.869999885559082,3.869999885559082
13-02-2020,3.509999990463257,3.990000009536743,135200,4.5,3.75,3.75
14-02-2020,3.569999933242798,3.75,24700,3.9200000762939453,3.619999885559082,3.619999885559082
18-02-2020,3.5299999713897705,3.5999999046325684,17700,3.7200000286102295,3.690000057220459,3.690000057220459
19-02-2020,3.609999895095825,3.609999895095825,39800,4.179999828338623,4.0,4.0
20-02-2020,4.0,4.150000095367432,34500,4.170000076293945,4.110000133514404,4.110000133514404
21-02-2020,3.8299999237060547,3.930000066757202,25400,4.429999828338623,4.119999885559082,4.119999885559082
24-02-2020,4.050000190734863,4.059999942779541,29000,4.150000095367432,4.070000171661377,4.070000171661377
25-02-2020,4.050000190734863,4.070000171661377,33800,4.199999809265137,4.070000171661377,4.070000171661377
26-02-2020,3.9200000762939453,4.079999923706055,21800,4.099999904632568,4.070000171661377,4.070000171661377
27-02-2020,3.5,3.9200000762939453,50100,4.070000171661377,3.549999952316284,3.549999952316284
28-02-2020,3.5,3.5999999046325684,25300,3.7200000286102295,3.5199999809265137,3.5199999809265137
02-03-2020,3.5999999046325684,3.6700000762939453,45700,3.890000104904175,3.890000104904175,3.890000104904175
03-03-2020,3.5399999618530273,3.9200000762939453,21100,3.9800000190734863,3.880000114440918,3.880000114440918
04-03-2020,3.5999999046325684,3.8499999046325684,16300,3.8499999046325684,3.759999990463257,3.759999990463257
05-03-2020,3.549999952316284,3.5999999046325684,12400,3.75,3.549999952316284,3.549999952316284
06-03-2020,3.4000000953674316,3.5,16900,3.5899999141693115,3.4000000953674316,3.4000000953674316
09-03-2020,3.0,3.25,13500,3.359999895095825,3.0999999046325684,3.0999999046325684
10-03-2020,3.0,3.140000104904175,11800,3.1500000953674316,3.009999990463257,3.009999990463257
11-03-2020,3.0,3.009999990463257,9800,3.1700000762939453,3.0799999237060547,3.0799999237060547
12-03-2020,2.5199999809265137,2.9700000286102295,19000,3.0,2.75,2.75
13-03-2020,2.569999933242798,3.0199999809265137,18600,3.190000057220459,3.0,3.0
16-03-2020,2.799999952316284,2.809999942779541,4200,3.009999990463257,2.799999952316284,2.799999952316284
17-03-2020,2.619999885559082,2.690000057220459,12300,2.869999885559082,2.819999933242798,2.819999933242798
18-03-2020,2.009999990463257,2.559999942779541,11600,2.9700000286102295,2.390000104904175,2.390000104904175
19-03-2020,2.0199999809265137,2.490000009536743,16000,2.490000009536743,2.130000114440918,2.130000114440918
20-03-2020,2.0799999237060547,2.369999885559082,11300,2.369999885559082,2.200000047683716,2.200000047683716
23-03-2020,2.0999999046325684,2.119999885559082,9800,2.2799999713897705,2.1600000858306885,2.1600000858306885
24-03-2020,1.940000057220459,2.369999885559082,29000,2.369999885559082,2.069999933242798,2.069999933242798
25-03-2020,2.0899999141693115,2.140000104904175,6500,2.1500000953674316,2.109999895095825,2.109999895095825
26-03-2020,2.0,2.0,7600,2.109999895095825,2.069999933242798,2.069999933242798
27-03-2020,1.9199999570846558,1.9199999570846558,27000,2.200000047683716,2.1600000858306885,2.1600000858306885
30-03-2020,2.009999990463257,2.200000047683716,22500,2.200000047683716,2.009999990463257,2.009999990463257
31-03-2020,1.9600000381469727,2.049999952316284,12000,2.1500000953674316,1.9700000286102295,1.9700000286102295
01-04-2020,1.9199999570846558,1.9700000286102295,7500,1.9700000286102295,1.9299999475479126,1.9299999475479126
02-04-2020,1.8300000429153442,1.9199999570846558,72200,2.049999952316284,1.8300000429153442,1.8300000429153442
03-04-2020,1.8600000143051147,1.9600000381469727,75000,2.049999952316284,1.9600000381469727,1.9600000381469727
06-04-2020,1.8600000143051147,1.9900000095367432,41600,2.2200000286102295,1.9199999570846558,1.9199999570846558
07-04-2020,1.7100000381469727,2.0,36500,2.0,1.7899999618530273,1.7899999618530273
08-04-2020,1.7999999523162842,1.8200000524520874,26500,1.9500000476837158,1.8700000047683716,1.8700000047683716
09-04-2020,1.7100000381469727,2.0,129100,2.049999952316284,1.899999976158142,1.899999976158142
13-04-2020,1.840000033378601,1.9600000381469727,19700,2.009999990463257,2.009999990463257,2.009999990463257
14-04-2020,2.0199999809265137,2.0199999809265137,49300,2.4800000190734863,2.380000114440918,2.380000114440918
15-04-2020,2.0799999237060547,2.2899999618530273,13600,2.380000114440918,2.2200000286102295,2.2200000286102295
16-04-2020,2.1600000858306885,2.1600000858306885,11500,2.369999885559082,2.200000047683716,2.200000047683716
17-04-2020,2.1600000858306885,2.1600000858306885,10200,2.430000066757202,2.2699999809265137,2.2699999809265137
20-04-2020,2.119999885559082,2.2100000381469727,9600,2.2200000286102295,2.119999885559082,2.119999885559082
21-04-2020,2.009999990463257,2.119999885559082,7600,2.190000057220459,2.0799999237060547,2.0799999237060547
22-04-2020,2.0,2.1600000858306885,27900,2.490000009536743,2.490000009536743,2.490000009536743
23-04-2020,2.5999999046325684,2.5999999046325684,260100,3.5,3.5,3.5
24-04-2020,3.5399999618530273,3.9600000381469727,220800,4.179999828338623,3.9800000190734863,3.9800000190734863
27-04-2020,4.050000190734863,4.050000190734863,129900,4.46999979019165,4.090000152587891,4.090000152587891
28-04-2020,3.3499999046325684,4.25,92700,4.25,3.5799999237060547,3.5799999237060547
29-04-2020,3.119999885559082,3.509999990463257,57300,3.740000009536743,3.2300000190734863,3.2300000190734863
30-04-2020,3.259999990463257,3.4000000953674316,22700,3.569999933242798,3.369999885559082,3.369999885559082
01-05-2020,3.299999952316284,3.5999999046325684,28500,3.5999999046325684,3.4800000190734863,3.4800000190734863
04-05-2020,3.4200000762939453,3.440000057220459,179000,4.679999828338623,4.5,4.5
05-05-2020,4.199999809265137,4.449999809265137,472300,6.199999809265137,6.199999809265137,6.199999809265137
06-05-2020,6.039999961853027,6.199999809265137,320200,7.440000057220459,6.349999904632568,6.349999904632568
07-05-2020,6.0,6.349999904632568,125900,7.019999980926514,7.019999980926514,7.019999980926514
08-05-2020,7.179999828338623,7.199999809265137,214200,8.4399995803833,8.149999618530273,8.149999618530273
11-05-2020,6.5,8.239999771118164,312100,8.550000190734863,7.309999942779541,7.309999942779541
12-05-2020,7.170000076293945,7.309999942779541,56700,7.710000038146973,7.429999828338623,7.429999828338623
13-05-2020,5.75,7.5,183400,7.539999961853027,6.25,6.25
14-05-2020,5.769999980926514,6.28000020980835,74400,6.53000020980835,6.230000019073486,6.230000019073486
15-05-2020,6.0,6.010000228881836,47300,6.78000020980835,6.619999885559082,6.619999885559082
18-05-2020,6.130000114440918,7.0,58500,7.150000095367432,6.269999980926514,6.269999980926514
19-05-2020,6.099999904632568,6.110000133514404,42300,6.400000095367432,6.110000133514404,6.110000133514404
20-05-2020,6.039999961853027,6.360000133514404,81600,6.619999885559082,6.210000038146973,6.210000038146973
21-05-2020,6.099999904632568,6.349999904632568,38300,6.900000095367432,6.110000133514404,6.110000133514404
22-05-2020,5.900000095367432,6.150000095367432,50900,6.159999847412109,5.949999809265137,5.949999809265137
26-05-2020,5.949999809265137,6.25,38600,6.460000038146973,5.949999809265137,5.949999809265137
27-05-2020,5.590000152587891,5.989999771118164,86300,6.110000133514404,5.639999866485596,5.639999866485596
28-05-2020,5.639999866485596,5.75,53900,5.809999942779541,5.639999866485596,5.639999866485596
29-05-2020,5.170000076293945,5.78000020980835,87800,5.78000020980835,5.309999942779541,5.309999942779541
01-06-2020,5.239999771118164,5.369999885559082,80900,5.519999980926514,5.400000095367432,5.400000095367432
02-06-2020,5.289999961853027,5.610000133514404,37200,5.710000038146973,5.340000152587891,5.340000152587891
03-06-2020,4.75,5.28000020980835,115100,5.300000190734863,4.900000095367432,4.900000095367432
04-06-2020,4.909999847412109,5.050000190734863,75700,5.179999828338623,5.090000152587891,5.090000152587891
05-06-2020,5.130000114440918,5.210000038146973,54800,5.380000114440918,5.130000114440918,5.130000114440918
08-06-2020,4.960000038146973,5.380000114440918,73600,5.380000114440918,5.079999923706055,5.079999923706055
09-06-2020,5.119999885559082,5.119999885559082,80400,5.360000133514404,5.340000152587891,5.340000152587891
10-06-2020,5.210000038146973,5.409999847412109,64900,5.46999979019165,5.429999828338623,5.429999828338623
11-06-2020,4.989999771118164,5.289999961853027,53700,5.349999904632568,5.059999942779541,5.059999942779541
12-06-2020,4.869999885559082,4.989999771118164,60100,5.269999980926514,5.03000020980835,5.03000020980835
15-06-2020,4.869999885559082,5.090000152587891,35300,5.099999904632568,5.0,5.0
16-06-2020,4.960000038146973,5.059999942779541,35800,5.059999942779541,5.0,5.0
17-06-2020,4.96999979019165,5.050000190734863,82800,5.150000095367432,5.03000020980835,5.03000020980835
18-06-2020,4.849999904632568,4.980000019073486,32700,5.139999866485596,4.929999828338623,4.929999828338623
19-06-2020,4.889999866485596,4.940000057220459,38000,5.070000171661377,4.949999809265137,4.949999809265137
22-06-2020,4.849999904632568,4.909999847412109,18400,4.940000057220459,4.889999866485596,4.889999866485596
23-06-2020,4.880000114440918,4.889999866485596,20900,5.03000020980835,5.0,5.0
24-06-2020,4.809999942779541,4.880000114440918,32900,5.019999980926514,5.019999980926514,5.019999980926514
25-06-2020,4.849999904632568,4.949999809265137,50800,5.130000114440918,5.010000228881836,5.010000228881836
26-06-2020,4.909999847412109,5.03000020980835,8800,5.110000133514404,4.940000057220459,4.940000057220459
29-06-2020,4.579999923706055,4.909999847412109,27900,4.929999828338623,4.579999923706055,4.579999923706055
30-06-2020,4.440000057220459,4.75,28300,4.75,4.489999771118164,4.489999771118164
01-07-2020,4.21999979019165,4.489999771118164,147200,5.789999961853027,4.25,4.25
02-07-2020,4.0,4.239999771118164,75600,4.369999885559082,4.090000152587891,4.090000152587891
06-07-2020,4.039999961853027,4.090000152587891,25600,4.309999942779541,4.199999809265137,4.199999809265137
07-07-2020,3.9600000381469727,4.269999980926514,49700,4.269999980926514,4.019999980926514,4.019999980926514
08-07-2020,4.050000190734863,4.119999885559082,45600,4.269999980926514,4.210000038146973,4.210000038146973
09-07-2020,4.099999904632568,4.269999980926514,34100,4.300000190734863,4.099999904632568,4.099999904632568
10-07-2020,3.859999895095825,4.079999923706055,29100,4.079999923706055,4.010000228881836,4.010000228881836
13-07-2020,3.880000114440918,4.0,41400,4.260000228881836,3.9700000286102295,3.9700000286102295
14-07-2020,3.869999885559082,3.9700000286102295,25400,3.990000009536743,3.9700000286102295,3.9700000286102295
15-07-2020,3.940000057220459,3.9800000190734863,59700,4.28000020980835,4.03000020980835,4.03000020980835
16-07-2020,3.9000000953674316,4.079999923706055,21900,4.119999885559082,3.930000066757202,3.930000066757202
17-07-2020,3.950000047683716,3.950000047683716,58300,4.269999980926514,4.150000095367432,4.150000095367432
20-07-2020,4.210000038146973,4.25,87500,4.489999771118164,4.460000038146973,4.460000038146973
21-07-2020,4.480000019073486,4.550000190734863,61000,4.860000133514404,4.71999979019165,4.71999979019165
22-07-2020,4.630000114440918,4.75,67400,5.489999771118164,5.46999979019165,5.46999979019165
23-07-2020,5.46999979019165,5.550000190734863,286100,7.570000171661377,7.130000114440918,7.130000114440918
24-07-2020,5.599999904632568,6.010000228881836,152400,6.869999885559082,5.860000133514404,5.860000133514404
27-07-2020,5.78000020980835,6.309999942779541,87400,6.400000095367432,5.809999942779541,5.809999942779541
28-07-2020,5.340000152587891,5.809999942779541,96200,6.0,5.739999771118164,5.739999771118164
29-07-2020,5.300000190734863,5.739999771118164,52800,6.0,6.0,6.0
30-07-2020,5.739999771118164,6.03000020980835,15500,6.03000020980835,5.840000152587891,5.840000152587891
31-07-2020,5.829999923706055,6.03000020980835,72800,6.619999885559082,6.429999828338623,6.429999828338623
03-08-2020,6.28000020980835,6.400000095367432,79600,7.079999923706055,6.71999979019165,6.71999979019165
04-08-2020,6.659999847412109,6.889999866485596,83400,7.25,6.900000095367432,6.900000095367432
05-08-2020,6.260000228881836,7.150000095367432,98300,7.25,6.309999942779541,6.309999942779541
06-08-2020,6.159999847412109,6.400000095367432,89200,7.070000171661377,7.0,7.0
07-08-2020,6.710000038146973,7.119999885559082,89300,7.260000228881836,6.840000152587891,6.840000152587891
10-08-2020,6.670000076293945,6.769999980926514,42000,7.150000095367432,7.150000095367432,7.150000095367432
11-08-2020,6.070000171661377,7.099999904632568,68400,7.099999904632568,6.139999866485596,6.139999866485596
12-08-2020,5.619999885559082,6.309999942779541,69700,6.360000133514404,5.670000076293945,5.670000076293945
13-08-2020,5.289999961853027,5.650000095367432,67300,5.869999885559082,5.46999979019165,5.46999979019165
14-08-2020,5.150000095367432,5.579999923706055,42000,5.739999771118164,5.260000228881836,5.260000228881836
17-08-2020,5.090000152587891,5.309999942779541,48200,5.309999942779541,5.139999866485596,5.139999866485596
18-08-2020,4.730000019073486,5.090000152587891,90500,5.230000019073486,4.75,4.75
19-08-2020,4.789999961853027,4.96999979019165,51700,5.300000190734863,5.300000190734863,5.300000190734863
20-08-2020,5.150000095367432,5.630000114440918,99400,5.650000095367432,5.340000152587891,5.340000152587891
21-08-2020,5.300000190734863,5.300000190734863,47400,5.860000133514404,5.579999923706055,5.579999923706055
24-08-2020,4.75,5.619999885559082,154400,5.699999809265137,4.829999923706055,4.829999923706055
25-08-2020,4.829999923706055,4.840000152587891,50400,5.239999771118164,5.090000152587891,5.090000152587891
26-08-2020,4.599999904632568,5.0,84300,5.159999847412109,4.940000057220459,4.940000057220459
27-08-2020,4.809999942779541,4.949999809265137,32900,5.090000152587891,5.079999923706055,5.079999923706055
28-08-2020,4.71999979019165,5.079999923706055,38600,5.139999866485596,4.71999979019165,4.71999979019165
31-08-2020,4.420000076293945,4.730000019073486,81400,4.949999809265137,4.449999809265137,4.449999809265137
01-09-2020,4.190000057220459,4.440000057220459,38500,4.510000228881836,4.28000020980835,4.28000020980835
02-09-2020,3.990000009536743,4.28000020980835,84900,4.329999923706055,4.010000228881836,4.010000228881836
03-09-2020,3.5899999141693115,4.039999961853027,119300,4.170000076293945,4.070000171661377,4.070000171661377
04-09-2020,3.759999990463257,4.03000020980835,52200,4.130000114440918,3.869999885559082,3.869999885559082
08-09-2020,3.7899999618530273,3.7899999618530273,52500,4.110000133514404,3.940000057220459,3.940000057220459
09-09-2020,4.03000020980835,4.059999942779541,23300,4.159999847412109,4.059999942779541,4.059999942779541
10-09-2020,3.75,4.03000020980835,38500,4.170000076293945,3.7799999713897705,3.7799999713897705
11-09-2020,3.5399999618530273,3.759999990463257,40500,3.759999990463257,3.5799999237060547,3.5799999237060547
14-09-2020,3.619999885559082,3.640000104904175,49200,3.890000104904175,3.619999885559082,3.619999885559082
15-09-2020,3.5999999046325684,3.7100000381469727,48200,3.9100000858306885,3.6700000762939453,3.6700000762939453
16-09-2020,3.680000066757202,3.680000066757202,31100,3.940000057220459,3.799999952316284,3.799999952316284
17-09-2020,3.640000104904175,3.859999895095825,46500,3.859999895095825,3.640000104904175,3.640000104904175
18-09-2020,3.6500000953674316,3.7200000286102295,43800,3.940000057220459,3.7799999713897705,3.7799999713897705
21-09-2020,3.3499999046325684,3.8499999046325684,69400,3.8499999046325684,3.440000057220459,3.440000057220459
22-09-2020,3.5,3.700000047683716,38600,3.75,3.5899999141693115,3.5899999141693115
23-09-2020,3.2899999618530273,3.5199999809265137,50200,3.690000057220459,3.319999933242798,3.319999933242798
24-09-2020,3.259999990463257,3.5299999713897705,88000,3.609999895095825,3.4700000286102295,3.4700000286102295
25-09-2020,3.4800000190734863,3.4800000190734863,795500,4.980000019073486,4.409999847412109,4.409999847412109
28-09-2020,3.859999895095825,4.5,200600,4.53000020980835,4.050000190734863,4.050000190734863
29-09-2020,4.0,4.110000133514404,392000,5.050000190734863,4.190000057220459,4.190000057220459
30-09-2020,3.759999990463257,4.199999809265137,164200,4.380000114440918,4.170000076293945,4.170000076293945
01-10-2020,3.9000000953674316,4.150000095367432,44300,4.150000095367432,4.010000228881836,4.010000228881836
02-10-2020,3.799999952316284,3.9000000953674316,24300,4.159999847412109,4.090000152587891,4.090000152587891
05-10-2020,3.799999952316284,4.199999809265137,182900,4.269999980926514,4.059999942779541,4.059999942779541
06-10-2020,3.7100000381469727,4.010000228881836,3145500,4.889999866485596,3.809999942779541,3.809999942779541
07-10-2020,3.299999952316284,3.859999895095825,952700,3.950000047683716,3.369999885559082,3.369999885559082
08-10-2020,3.0999999046325684,3.4200000762939453,773000,3.4800000190734863,3.200000047683716,3.200000047683716
09-10-2020,2.930000066757202,3.1700000762939453,728200,3.299999952316284,3.25,3.25
12-10-2020,3.200000047683716,3.2899999618530273,410500,3.440000057220459,3.2699999809265137,3.2699999809265137
13-10-2020,3.0,3.240000009536743,362700,3.25,3.1600000858306885,3.1600000858306885
14-10-2020,2.950000047683716,3.240000009536743,278100,3.240000009536743,3.069999933242798,3.069999933242798
15-10-2020,2.8299999237060547,2.9800000190734863,230100,3.0299999713897705,2.9200000762939453,2.9200000762939453
16-10-2020,2.8299999237060547,2.9000000953674316,123100,2.9700000286102295,2.859999895095825,2.859999895095825
19-10-2020,2.640000104904175,2.859999895095825,171800,2.880000114440918,2.7200000286102295,2.7200000286102295
20-10-2020,2.440000057220459,2.7200000286102295,464300,2.890000104904175,2.809999942779541,2.809999942779541
21-10-2020,2.759999990463257,2.759999990463257,66200,2.940000057220459,2.869999885559082,2.869999885559082
22-10-2020,2.700000047683716,2.9100000858306885,69400,2.9100000858306885,2.700000047683716,2.700000047683716
23-10-2020,2.640000104904175,2.700000047683716,65800,2.799999952316284,2.75,2.75
26-10-2020,2.5399999618530273,2.799999952316284,113900,2.799999952316284,2.609999895095825,2.609999895095825
27-10-2020,2.569999933242798,2.619999885559082,65500,2.740000009536743,2.690000057220459,2.690000057220459
28-10-2020,2.5899999141693115,2.6700000762939453,43400,2.759999990463257,2.6500000953674316,2.6500000953674316
29-10-2020,2.6700000762939453,2.6700000762939453,71900,2.869999885559082,2.75,2.75
30-10-2020,2.5199999809265137,2.740000009536743,67200,2.75,2.559999942779541,2.559999942779541
02-11-2020,2.4700000286102295,2.5899999141693115,64800,2.700000047683716,2.5199999809265137,2.5199999809265137
03-11-2020,2.5,2.5299999713897705,84700,2.819999933242798,2.700000047683716,2.700000047683716
04-11-2020,2.5899999141693115,2.759999990463257,117500,2.819999933242798,2.740000009536743,2.740000009536743
05-11-2020,2.569999933242798,2.569999933242798,50800,2.8399999141693115,2.7899999618530273,2.7899999618530273
06-11-2020,2.609999895095825,2.8299999237060547,39300,2.8299999237060547,2.690000057220459,2.690000057220459
09-11-2020,2.6700000762939453,2.7100000381469727,92000,2.819999933242798,2.75,2.75
10-11-2020,2.7300000190734863,2.799999952316284,468600,3.0299999713897705,2.8299999237060547,2.8299999237060547
11-11-2020,2.549999952316284,2.819999933242798,253900,2.8499999046325684,2.6600000858306885,2.6600000858306885
12-11-2020,2.569999933242798,2.619999885559082,216100,2.740000009536743,2.630000114440918,2.630000114440918
13-11-2020,2.609999895095825,2.6600000858306885,1486400,2.940000057220459,2.759999990463257,2.759999990463257
16-11-2020,2.700000047683716,2.759999990463257,1157100,2.990000009536743,2.8399999141693115,2.8399999141693115
17-11-2020,2.7699999809265137,2.9100000858306885,1722000,3.2300000190734863,3.119999885559082,3.119999885559082
18-11-2020,2.7899999618530273,3.1600000858306885,836200,3.1600000858306885,2.9600000381469727,2.9600000381469727
19-11-2020,2.7799999713897705,2.950000047683716,619100,3.1500000953674316,3.109999895095825,3.109999895095825
20-11-2020,2.859999895095825,3.059999942779541,342600,3.069999933242798,3.009999990463257,3.009999990463257
23-11-2020,2.9800000190734863,3.049999952316284,1244900,3.569999933242798,3.4200000762939453,3.4200000762939453
24-11-2020,3.049999952316284,3.5899999141693115,987700,3.6700000762939453,3.299999952316284,3.299999952316284
25-11-2020,3.0799999237060547,3.259999990463257,207200,3.3299999237060547,3.25,3.25
27-11-2020,3.180000066757202,3.259999990463257,255300,3.4700000286102295,3.359999895095825,3.359999895095825
30-11-2020,3.0,3.4000000953674316,305100,3.440000057220459,3.2300000190734863,3.2300000190734863
01-12-2020,3.0399999618530273,3.25,176600,3.3299999237060547,3.1600000858306885,3.1600000858306885
02-12-2020,3.049999952316284,3.0999999046325684,427500,3.4000000953674316,3.25,3.25
03-12-2020,3.240000009536743,3.25,259300,3.4800000190734863,3.440000057220459,3.440000057220459
04-12-2020,3.3299999237060547,3.4800000190734863,525900,3.759999990463257,3.7100000381469727,3.7100000381469727
07-12-2020,3.609999895095825,3.75,937500,4.320000171661377,4.019999980926514,4.019999980926514
08-12-2020,3.380000114440918,4.190000057220459,782400,4.199999809265137,3.430000066757202,3.430000066757202
09-12-2020,3.0999999046325684,3.5,584600,3.569999933242798,3.200000047683716,3.200000047683716
10-12-2020,3.1500000953674316,3.2300000190734863,496200,3.509999990463257,3.3399999141693115,3.3399999141693115
11-12-2020,3.259999990463257,3.3299999237060547,730100,3.930000066757202,3.75,3.75
14-12-2020,3.359999895095825,3.799999952316284,405700,3.9800000190734863,3.450000047683716,3.450000047683716
15-12-2020,3.319999933242798,3.440000057220459,280400,3.680000066757202,3.380000114440918,3.380000114440918
16-12-2020,3.4200000762939453,3.430000066757202,180100,3.7200000286102295,3.569999933242798,3.569999933242798
17-12-2020,3.4100000858306885,3.619999885559082,183000,3.6600000858306885,3.4800000190734863,3.4800000190734863
18-12-2020,3.2899999618530273,3.5,220700,3.559999942779541,3.2899999618530273,3.2899999618530273
21-12-2020,3.1700000762939453,3.2799999713897705,300900,3.5199999809265137,3.2799999713897705,3.2799999713897705
22-12-2020,3.0999999046325684,3.3299999237060547,278600,3.4200000762939453,3.240000009536743,3.240000009536743
23-12-2020,3.2200000286102295,3.299999952316284,370100,3.6500000953674316,3.5199999809265137,3.5199999809265137
24-12-2020,3.5199999809265137,3.869999885559082,1923300,4.03000020980835,3.75,3.75
28-12-2020,3.5,3.890000104904175,366400,3.930000066757202,3.6500000953674316,3.6500000953674316
29-12-2020,3.509999990463257,3.6500000953674316,1059600,4.599999904632568,4.559999942779541,4.559999942779541
30-12-2020,4.309999942779541,4.460000038146973,578700,4.869999885559082,4.400000095367432,4.400000095367432
31-12-2020,4.059999942779541,4.400000095367432,204600,4.440000057220459,4.230000019073486,4.230000019073486
04-01-2021,3.75,4.300000190734863,345900,4.300000190734863,4.159999847412109,4.159999847412109
05-01-2021,4.210000038146973,4.210000038146973,1052000,5.599999904632568,5.389999866485596,5.389999866485596
06-01-2021,4.539999961853027,5.440000057220459,547500,5.489999771118164,4.889999866485596,4.889999866485596
07-01-2021,4.880000114440918,4.940000057220459,399800,5.809999942779541,5.809999942779541,5.809999942779541
08-01-2021,5.329999923706055,5.940000057220459,428800,6.050000190734863,5.909999847412109,5.909999847412109
11-01-2021,5.460000038146973,5.860000133514404,298000,5.900000095367432,5.559999942779541,5.559999942779541
12-01-2021,5.510000228881836,5.610000133514404,240500,5.940000057220459,5.849999904632568,5.849999904632568
13-01-2021,5.699999809265137,5.929999828338623,212200,6.150000095367432,6.059999942779541,6.059999942779541
14-01-2021,5.869999885559082,6.079999923706055,895500,7.079999923706055,6.039999961853027,6.039999961853027
15-01-2021,5.300000190734863,6.050000190734863,378200,6.050000190734863,5.380000114440918,5.380000114440918
19-01-2021,5.400000095367432,5.460000038146973,427000,5.920000076293945,5.849999904632568,5.849999904632568
20-01-2021,5.329999923706055,5.800000190734863,451400,5.809999942779541,5.559999942779541,5.559999942779541
21-01-2021,5.429999828338623,5.5,104700,5.949999809265137,5.809999942779541,5.809999942779541
22-01-2021,5.559999942779541,5.639999866485596,1147300,6.980000019073486,6.840000152587891,6.840000152587891
25-01-2021,6.900000095367432,6.900000095367432,1475000,9.3100004196167,8.40999984741211,8.40999984741211
26-01-2021,6.699999809265137,8.300000190734863,836200,8.789999961853027,6.809999942779541,6.809999942779541
27-01-2021,6.170000076293945,7.110000133514404,556200,7.150000095367432,6.260000228881836,6.260000228881836
28-01-2021,5.880000114440918,5.989999771118164,460000,6.860000133514404,6.420000076293945,6.420000076293945
29-01-2021,6.179999828338623,6.480000019073486,204200,6.849999904632568,6.349999904632568,6.349999904632568
01-02-2021,6.130000114440918,6.599999904632568,373600,7.130000114440918,7.079999923706055,7.079999923706055
02-02-2021,6.489999771118164,7.199999809265137,251100,7.199999809265137,6.730000019073486,6.730000019073486
03-02-2021,6.75,6.800000190734863,228200,7.46999979019165,7.230000019073486,7.230000019073486
04-02-2021,7.099999904632568,7.159999847412109,221300,7.639999866485596,7.599999904632568,7.599999904632568
05-02-2021,7.099999904632568,7.510000228881836,786400,7.820000171661377,7.269999980926514,7.269999980926514
08-02-2021,7.420000076293945,7.550000190734863,319000,8.289999961853027,8.199999809265137,8.199999809265137
09-02-2021,8.25,8.449999809265137,511100,9.149999618530273,9.0600004196167,9.0600004196167
10-02-2021,8.710000038146973,9.5600004196167,488200,10.380000114440918,9.140000343322754,9.140000343322754
11-02-2021,9.100000381469727,9.279999732971191,543200,10.100000381469727,9.930000305175781,9.930000305175781
12-02-2021,8.880000114440918,10.050000190734863,260900,10.140000343322754,9.029999732971191,9.029999732971191
16-02-2021,9.029999732971191,9.1899995803833,628900,10.729999542236328,9.720000267028809,9.720000267028809
17-02-2021,8.59000015258789,9.890000343322754,419500,9.979999542236328,9.069999694824219,9.069999694824219
18-02-2021,8.300000190734863,8.699999809265137,362200,9.039999961853027,8.380000114440918,8.380000114440918
19-02-2021,7.550000190734863,8.270000457763672,459700,8.739999771118164,7.579999923706055,7.579999923706055
22-02-2021,7.659999847412109,7.929999828338623,298300,8.949999809265137,8.609999656677246,8.609999656677246
23-02-2021,7.300000190734863,8.34000015258789,295300,8.390000343322754,7.369999885559082,7.369999885559082
24-02-2021,7.550000190734863,7.550000190734863,209000,8.489999771118164,8.350000381469727,8.350000381469727
25-02-2021,7.400000095367432,8.25,221100,8.25,7.400000095367432,7.400000095367432
26-02-2021,6.440000057220459,7.449999809265137,326200,7.829999923706055,6.489999771118164,6.489999771118164
01-03-2021,6.369999885559082,7.139999866485596,246700,7.210000038146973,6.510000228881836,6.510000228881836
02-03-2021,6.199999809265137,6.510000228881836,178600,7.0,6.489999771118164,6.489999771118164
03-03-2021,6.329999923706055,6.510000228881836,156300,6.980000019073486,6.5,6.5
04-03-2021,5.340000152587891,6.480000019073486,241200,6.510000228881836,5.610000133514404,5.610000133514404
05-03-2021,5.130000114440918,5.78000020980835,257200,6.090000152587891,5.949999809265137,5.949999809265137
08-03-2021,5.739999771118164,6.079999923706055,170200,6.539999961853027,6.190000057220459,6.190000057220459
09-03-2021,6.409999847412109,6.800000190734863,154000,6.929999828338623,6.730000019073486,6.730000019073486
10-03-2021,6.690000057220459,6.849999904632568,117500,7.099999904632568,6.849999904632568,6.849999904632568
11-03-2021,6.860000133514404,7.0,101600,7.409999847412109,7.389999866485596,7.389999866485596
12-03-2021,7.0,7.269999980926514,68700,7.420000076293945,7.349999904632568,7.349999904632568
15-03-2021,7.349999904632568,7.360000133514404,71400,7.940000057220459,7.869999885559082,7.869999885559082
16-03-2021,7.619999885559082,7.820000171661377,165300,8.199999809265137,8.09000015258789,8.09000015258789
17-03-2021,7.28000020980835,8.010000228881836,117600,8.010000228881836,7.869999885559082,7.869999885559082
18-03-2021,7.03000020980835,7.809999942779541,126700,7.880000114440918,7.139999866485596,7.139999866485596
19-03-2021,7.010000228881836,7.079999923706055,118500,7.840000152587891,7.739999771118164,7.739999771118164
22-03-2021,6.949999809265137,7.849999904632568,512700,8.75,6.980000019073486,6.980000019073486
23-03-2021,6.5,6.949999809265137,96900,7.019999980926514,6.570000171661377,6.570000171661377
24-03-2021,6.03000020980835,6.75,131800,6.940000057220459,6.03000020980835,6.03000020980835
25-03-2021,5.75,5.900000095367432,3116500,9.369999885559082,7.010000228881836,7.010000228881836
26-03-2021,6.010000228881836,7.0,256500,7.0,6.099999904632568,6.099999904632568
29-03-2021,5.730000019073486,6.079999923706055,151500,6.139999866485596,5.929999828338623,5.929999828338623
30-03-2021,5.570000171661377,5.800000190734863,138400,6.21999979019165,6.090000152587891,6.090000152587891
31-03-2021,6.070000171661377,6.170000076293945,168500,6.610000133514404,6.389999866485596,6.389999866485596
01-04-2021,6.349999904632568,6.510000228881836,89100,6.75,6.389999866485596,6.389999866485596
05-04-2021,6.150000095367432,6.619999885559082,123500,6.659999847412109,6.630000114440918,6.630000114440918
06-04-2021,6.480000019073486,6.630000114440918,110900,6.849999904632568,6.489999771118164,6.489999771118164
07-04-2021,6.28000020980835,6.510000228881836,73600,6.699999809265137,6.340000152587891,6.340000152587891
08-04-2021,6.239999771118164,6.380000114440918,98100,6.610000133514404,6.429999828338623,6.429999828338623
09-04-2021,6.300000190734863,6.590000152587891,46200,6.590000152587891,6.449999809265137,6.449999809265137
12-04-2021,5.929999828338623,6.480000019073486,78700,6.480000019073486,5.980000019073486,5.980000019073486
13-04-2021,5.760000228881836,5.909999847412109,94500,6.090000152587891,5.840000152587891,5.840000152587891
14-04-2021,5.570000171661377,5.860000133514404,77700,6.099999904632568,5.619999885559082,5.619999885559082
15-04-2021,5.449999809265137,5.739999771118164,56500,5.739999771118164,5.5,5.5
16-04-2021,5.230000019073486,5.5,87700,5.659999847412109,5.300000190734863,5.300000190734863
19-04-2021,4.920000076293945,5.28000020980835,106800,5.300000190734863,5.090000152587891,5.090000152587891
20-04-2021,4.78000020980835,5.110000133514404,45100,5.139999866485596,4.989999771118164,4.989999771118164
21-04-2021,4.96999979019165,4.96999979019165,54300,5.5,5.289999961853027,5.289999961853027
22-04-2021,5.159999847412109,5.389999866485596,49900,5.639999866485596,5.21999979019165,5.21999979019165
23-04-2021,5.010000228881836,5.28000020980835,70000,5.619999885559082,5.210000038146973,5.210000038146973
26-04-2021,5.059999942779541,5.28000020980835,84600,5.5,5.190000057220459,5.190000057220459
27-04-2021,5.079999923706055,5.190000057220459,54000,5.28000020980835,5.199999809265137,5.199999809265137
28-04-2021,5.059999942779541,5.179999828338623,50500,5.340000152587891,5.21999979019165,5.21999979019165
29-04-2021,5.199999809265137,5.400000095367432,90800,5.489999771118164,5.269999980926514,5.269999980926514
30-04-2021,5.0,5.159999847412109,53600,5.440000057220459,5.090000152587891,5.090000152587891
03-05-2021,5.0,5.090000152587891,73500,5.289999961853027,5.210000038146973,5.210000038146973
04-05-2021,4.579999923706055,5.150000095367432,171900,5.329999923706055,4.690000057220459,4.690000057220459
05-05-2021,4.889999866485596,4.940000057220459,223700,5.360000133514404,5.110000133514404,5.110000133514404
06-05-2021,4.550000190734863,5.210000038146973,154100,5.210000038146973,4.630000114440918,4.630000114440918
07-05-2021,4.610000133514404,4.610000133514404,76400,4.889999866485596,4.690000057220459,4.690000057220459
10-05-2021,4.260000228881836,4.699999809265137,174100,4.699999809265137,4.400000095367432,4.400000095367432
11-05-2021,4.150000095367432,4.289999961853027,200400,5.179999828338623,4.550000190734863,4.550000190734863
12-05-2021,4.570000171661377,4.570000171661377,124000,5.25,5.239999771118164,5.239999771118164
13-05-2021,4.909999847412109,5.300000190734863,90300,5.599999904632568,5.019999980926514,5.019999980926514
14-05-2021,5.0,5.0,45200,5.349999904632568,5.300000190734863,5.300000190734863
17-05-2021,5.289999961853027,5.289999961853027,64500,5.570000171661377,5.53000020980835,5.53000020980835
18-05-2021,5.329999923706055,5.460000038146973,88500,5.670000076293945,5.389999866485596,5.389999866485596
19-05-2021,5.099999904632568,5.260000228881836,44100,5.389999866485596,5.110000133514404,5.110000133514404
20-05-2021,5.110000133514404,5.110000133514404,29700,5.460000038146973,5.28000020980835,5.28000020980835
21-05-2021,5.300000190734863,5.320000171661377,244100,6.349999904632568,6.269999980926514,6.269999980926514
24-05-2021,5.820000171661377,6.239999771118164,139000,6.5,5.949999809265137,5.949999809265137
25-05-2021,5.360000133514404,5.900000095367432,151000,6.050000190734863,5.570000171661377,5.570000171661377
26-05-2021,5.239999771118164,5.400000095367432,95100,5.659999847412109,5.429999828338623,5.429999828338623
27-05-2021,5.5,5.559999942779541,46600,5.869999885559082,5.760000228881836,5.760000228881836
28-05-2021,5.510000228881836,5.800000190734863,43600,5.869999885559082,5.550000190734863,5.550000190734863
01-06-2021,5.630000114440918,5.630000114440918,56900,6.119999885559082,6.0,6.0
02-06-2021,5.800000190734863,6.059999942779541,49000,6.289999961853027,6.179999828338623,6.179999828338623
03-06-2021,6.010000228881836,6.099999904632568,83700,6.599999904632568,6.5,6.5
04-06-2021,6.389999866485596,6.46999979019165,78600,6.650000095367432,6.590000152587891,6.590000152587891
07-06-2021,6.460000038146973,6.599999904632568,58400,6.889999866485596,6.829999923706055,6.829999923706055
08-06-2021,6.349999904632568,6.869999885559082,131600,6.869999885559082,6.579999923706055,6.579999923706055
09-06-2021,6.579999923706055,6.679999828338623,55400,6.829999923706055,6.710000038146973,6.710000038146973
10-06-2021,6.300000190734863,6.670000076293945,45500,6.699999809265137,6.360000133514404,6.360000133514404
11-06-2021,6.409999847412109,6.449999809265137,46900,6.690000057220459,6.539999961853027,6.539999961853027
14-06-2021,6.300000190734863,6.550000190734863,69700,6.760000228881836,6.46999979019165,6.46999979019165
15-06-2021,6.019999980926514,6.480000019073486,46700,6.53000020980835,6.25,6.25
16-06-2021,6.070000171661377,6.260000228881836,306700,7.199999809265137,6.800000190734863,6.800000190734863
17-06-2021,6.260000228881836,6.659999847412109,81600,7.0,6.300000190734863,6.300000190734863
18-06-2021,6.079999923706055,6.21999979019165,61000,6.480000019073486,6.079999923706055,6.079999923706055
21-06-2021,5.880000114440918,6.099999904632568,94800,6.320000171661377,6.019999980926514,6.019999980926514
22-06-2021,5.840000152587891,6.079999923706055,68800,6.079999923706055,6.070000171661377,6.070000171661377
23-06-2021,6.03000020980835,6.119999885559082,64400,6.239999771118164,6.199999809265137,6.199999809265137
24-06-2021,6.239999771118164,6.239999771118164,102100,6.78000020980835,6.760000228881836,6.760000228881836
25-06-2021,6.610000133514404,6.75,81000,6.880000114440918,6.880000114440918,6.880000114440918
28-06-2021,6.75,6.849999904632568,61900,7.0,6.880000114440918,6.880000114440918
29-06-2021,6.849999904632568,6.880000114440918,60800,6.989999771118164,6.880000114440918,6.880000114440918
30-06-2021,6.75,6.849999904632568,149500,7.690000057220459,7.369999885559082,7.369999885559082
01-07-2021,6.610000133514404,7.400000095367432,93900,7.5,7.059999942779541,7.059999942779541
02-07-2021,6.809999942779541,7.059999942779541,33400,7.329999923706055,6.860000133514404,6.860000133514404
06-07-2021,6.489999771118164,6.860000133514404,54500,6.989999771118164,6.519999980926514,6.519999980926514
07-07-2021,5.889999866485596,6.519999980926514,87500,6.519999980926514,5.929999828338623,5.929999828338623
08-07-2021,5.590000152587891,5.78000020980835,63700,6.059999942779541,6.059999942779541,6.059999942779541
09-07-2021,6.059999942779541,6.179999828338623,37300,6.429999828338623,6.300000190734863,6.300000190734863
12-07-2021,6.199999809265137,6.369999885559082,24300,6.550000190734863,6.389999866485596,6.389999866485596
13-07-2021,6.099999904632568,6.400000095367432,18600,6.550000190734863,6.190000057220459,6.190000057220459
14-07-2021,5.889999866485596,6.25,42100,6.349999904632568,5.929999828338623,5.929999828338623
15-07-2021,5.760000228881836,5.929999828338623,51500,6.059999942779541,5.809999942779541,5.809999942779541
16-07-2021,5.599999904632568,5.940000057220459,42900,5.940000057220459,5.699999809265137,5.699999809265137
19-07-2021,5.570000171661377,5.650000095367432,61200,5.929999828338623,5.670000076293945,5.670000076293945
20-07-2021,5.670000076293945,5.670000076293945,60800,6.420000076293945,6.340000152587891,6.340000152587891
21-07-2021,6.090000152587891,6.409999847412109,59800,6.659999847412109,6.150000095367432,6.150000095367432
22-07-2021,6.0,6.199999809265137,51400,6.480000019073486,6.130000114440918,6.130000114440918
23-07-2021,6.0,6.170000076293945,39500,6.320000171661377,6.099999904632568,6.099999904632568
26-07-2021,6.099999904632568,6.260000228881836,247800,7.03000020980835,6.769999980926514,6.769999980926514
27-07-2021,6.0,6.800000190734863,121800,7.03000020980835,6.210000038146973,6.210000038146973
28-07-2021,6.0,6.289999961853027,115500,6.539999961853027,6.110000133514404,6.110000133514404
29-07-2021,6.110000133514404,6.110000133514404,41200,6.360000133514404,6.190000057220459,6.190000057220459
30-07-2021,6.019999980926514,6.210000038146973,28900,6.329999923706055,6.110000133514404,6.110000133514404
02-08-2021,6.110000133514404,6.139999866485596,40600,6.329999923706055,6.21999979019165,6.21999979019165
03-08-2021,6.090000152587891,6.320000171661377,50500,6.380000114440918,6.199999809265137,6.199999809265137
04-08-2021,5.960000038146973,6.21999979019165,50100,6.25,6.099999904632568,6.099999904632568
05-08-2021,6.0,6.139999866485596,125200,6.610000133514404,6.489999771118164,6.489999771118164
06-08-2021,6.139999866485596,6.590000152587891,67000,6.610000133514404,6.260000228881836,6.260000228881836
09-08-2021,6.199999809265137,6.199999809265137,147200,6.75,6.480000019073486,6.480000019073486
10-08-2021,6.239999771118164,6.449999809265137,33900,6.570000171661377,6.269999980926514,6.269999980926514
11-08-2021,6.039999961853027,6.260000228881836,38500,6.329999923706055,6.170000076293945,6.170000076293945
12-08-2021,6.070000171661377,6.079999923706055,14200,6.329999923706055,6.239999771118164,6.239999771118164
13-08-2021,6.039999961853027,6.239999771118164,34400,6.360000133514404,6.110000133514404,6.110000133514404
16-08-2021,5.820000171661377,6.070000171661377,57500,6.260000228881836,6.0,6.0
17-08-2021,5.699999809265137,5.989999771118164,56500,5.989999771118164,5.78000020980835,5.78000020980835
18-08-2021,5.699999809265137,5.75,59400,6.289999961853027,6.150000095367432,6.150000095367432
19-08-2021,5.760000228881836,6.070000171661377,45300,6.139999866485596,5.849999904632568,5.849999904632568
20-08-2021,5.699999809265137,5.789999961853027,35000,5.980000019073486,5.809999942779541,5.809999942779541
23-08-2021,5.75,5.840000152587891,43700,5.989999771118164,5.869999885559082,5.869999885559082
24-08-2021,5.900000095367432,5.960000038146973,32700,6.070000171661377,6.070000171661377,6.070000171661377
25-08-2021,6.010000228881836,6.039999961853027,107600,6.349999904632568,6.090000152587891,6.090000152587891
26-08-2021,5.849999904632568,6.139999866485596,52900,6.179999828338623,5.889999866485596,5.889999866485596
27-08-2021,5.920000076293945,6.139999866485596,104900,6.199999809265137,6.179999828338623,6.179999828338623
30-08-2021,6.0,6.199999809265137,152400,6.289999961853027,6.179999828338623,6.179999828338623
31-08-2021,6.099999904632568,6.230000019073486,68100,6.320000171661377,6.28000020980835,6.28000020980835
01-09-2021,6.099999904632568,6.300000190734863,58500,6.300000190734863,6.269999980926514,6.269999980926514
02-09-2021,6.329999923706055,6.360000133514404,182400,6.699999809265137,6.53000020980835,6.53000020980835
03-09-2021,6.090000152587891,6.559999942779541,159600,6.639999866485596,6.230000019073486,6.230000019073486
07-09-2021,6.099999904632568,6.260000228881836,142200,6.400000095367432,6.190000057220459,6.190000057220459
08-09-2021,5.949999809265137,6.25,116400,6.25,6.0,6.0
09-09-2021,5.809999942779541,6.0,73700,6.150000095367432,5.860000133514404,5.860000133514404
10-09-2021,5.75,5.96999979019165,147100,6.119999885559082,6.050000190734863,6.050000190734863
13-09-2021,5.78000020980835,6.150000095367432,255900,6.150000095367432,5.829999923706055,5.829999923706055
14-09-2021,5.050000190734863,5.900000095367432,305100,5.900000095367432,5.079999923706055,5.079999923706055
15-09-2021,5.119999885559082,5.159999847412109,196900,5.340000152587891,5.210000038146973,5.210000038146973
16-09-2021,5.03000020980835,5.300000190734863,227600,5.300000190734863,5.070000171661377,5.070000171661377
17-09-2021,4.710000038146973,5.059999942779541,173000,5.230000019073486,5.010000228881836,5.010000228881836
20-09-2021,4.650000095367432,4.900000095367432,137500,4.940000057220459,4.710000038146973,4.710000038146973
21-09-2021,4.71999979019165,4.760000228881836,56400,5.039999961853027,4.960000038146973,4.960000038146973
22-09-2021,4.949999809265137,5.0,73900,5.199999809265137,5.150000095367432,5.150000095367432
23-09-2021,4.96999979019165,5.230000019073486,75300,5.289999961853027,5.159999847412109,5.159999847412109
24-09-2021,4.809999942779541,5.230000019073486,100900,5.349999904632568,4.920000076293945,4.920000076293945
27-09-2021,4.920000076293945,5.070000171661377,134700,5.289999961853027,5.260000228881836,5.260000228881836
28-09-2021,4.900000095367432,5.269999980926514,68200,5.269999980926514,4.929999828338623,4.929999828338623
29-09-2021,4.809999942779541,4.989999771118164,78800,5.099999904632568,4.860000133514404,4.860000133514404
30-09-2021,4.71999979019165,4.900000095367432,63300,5.130000114440918,4.869999885559082,4.869999885559082
01-10-2021,4.480000019073486,4.900000095367432,119200,4.909999847412109,4.610000133514404,4.610000133514404
04-10-2021,4.619999885559082,4.650000095367432,70800,4.989999771118164,4.840000152587891,4.840000152587891
05-10-2021,4.639999866485596,4.900000095367432,113400,4.989999771118164,4.849999904632568,4.849999904632568
06-10-2021,4.5,4.760000228881836,92300,4.849999904632568,4.679999828338623,4.679999828338623
07-10-2021,4.579999923706055,4.690000057220459,57000,4.75,4.659999847412109,4.659999847412109
08-10-2021,4.610000133514404,4.710000038146973,40200,4.75,4.710000038146973,4.710000038146973
11-10-2021,4.699999809265137,4.769999980926514,56600,4.900000095367432,4.849999904632568,4.849999904632568
12-10-2021,4.78000020980835,4.849999904632568,148000,5.489999771118164,5.489999771118164,5.489999771118164
13-10-2021,5.380000114440918,5.510000228881836,362400,6.449999809265137,6.420000076293945,6.420000076293945
14-10-2021,5.869999885559082,6.46999979019165,190200,6.46999979019165,6.019999980926514,6.019999980926514
15-10-2021,5.989999771118164,6.059999942779541,120700,6.320000171661377,6.28000020980835,6.28000020980835
18-10-2021,6.239999771118164,6.309999942779541,480300,7.710000038146973,7.230000019073486,7.230000019073486
19-10-2021,7.289999961853027,7.289999961853027,293700,8.0,8.0,8.0
20-10-2021,7.21999979019165,8.0,303200,8.430000305175781,7.449999809265137,7.449999809265137
21-10-2021,7.360000133514404,7.360000133514404,170200,8.109999656677246,8.09000015258789,8.09000015258789
22-10-2021,7.110000133514404,7.480000019073486,250000,8.289999961853027,7.420000076293945,7.420000076293945
25-10-2021,7.25,7.25,92400,7.889999866485596,7.690000057220459,7.690000057220459
26-10-2021,7.309999942779541,7.78000020980835,217300,8.050000190734863,7.489999771118164,7.489999771118164
27-10-2021,7.309999942779541,7.360000133514404,166700,8.170000076293945,7.980000019073486,7.980000019073486
28-10-2021,7.909999847412109,7.989999771118164,412700,9.979999542236328,9.930000305175781,9.930000305175781
29-10-2021,8.5,9.260000228881836,326400,9.979999542236328,9.569999694824219,9.569999694824219
01-11-2021,9.649999618530273,9.800000190734863,438200,11.649999618530273,11.649999618530273,11.649999618530273
02-11-2021,9.75,11.800000190734863,412600,11.880000114440918,10.579999923706055,10.579999923706055
03-11-2021,10.180000305175781,10.369999885559082,286300,11.260000228881836,10.75,10.75
04-11-2021,10.210000038146973,10.920000076293945,148300,11.0,10.720000267028809,10.720000267028809
05-11-2021,10.149999618530273,10.75,155800,10.899999618530273,10.210000038146973,10.210000038146973
08-11-2021,10.329999923706055,10.819999694824219,647000,12.899999618530273,12.739999771118164,12.739999771118164
09-11-2021,11.649999618530273,12.600000381469727,466600,14.600000381469727,14.1899995803833,14.1899995803833
10-11-2021,12.640000343322754,14.300000190734863,337800,14.34000015258789,13.1899995803833,13.1899995803833
11-11-2021,13.199999809265137,13.470000267028809,192000,14.369999885559082,13.699999809265137,13.699999809265137
12-11-2021,13.199999809265137,14.069999694824219,176900,14.279999732971191,13.899999618530273,13.899999618530273
15-11-2021,12.40999984741211,14.0,304600,14.199999809265137,12.600000381469727,12.600000381469727
16-11-2021,10.210000038146973,12.710000038146973,483500,12.8100004196167,11.0,11.0
17-11-2021,10.699999809265137,11.0,253100,12.300000190734863,11.520000457763672,11.520000457763672
18-11-2021,10.5,11.670000076293945,236400,12.369999885559082,10.6899995803833,10.6899995803833
19-11-2021,9.609999656677246,10.5,306400,10.65999984741211,10.229999542236328,10.229999542236328
22-11-2021,8.720000267028809,10.220000267028809,331400,10.329999923706055,9.15999984741211,9.15999984741211
23-11-2021,9.210000038146973,9.210000038146973,223400,10.199999809265137,10.020000457763672,10.020000457763672
24-11-2021,9.529999732971191,9.880000114440918,117000,10.210000038146973,10.100000381469727,10.100000381469727
26-11-2021,9.09000015258789,9.720000267028809,87500,9.800000190734863,9.479999542236328,9.479999542236328
29-11-2021,9.300000190734863,9.8100004196167,219800,9.899999618530273,9.770000457763672,9.770000457763672
30-11-2021,8.75,9.770000457763672,176600,10.0,9.119999885559082,9.119999885559082
01-12-2021,8.260000228881836,9.1899995803833,153200,9.199999809265137,8.279999732971191,8.279999732971191
02-12-2021,8.199999809265137,8.270000457763672,100400,8.9399995803833,8.319999694824219,8.319999694824219
03-12-2021,7.340000152587891,8.34000015258789,240800,8.539999961853027,7.570000171661377,7.570000171661377
06-12-2021,7.099999904632568,7.659999847412109,500200,8.520000457763672,7.940000057220459,7.940000057220459
07-12-2021,7.900000095367432,8.289999961853027,273500,8.75,8.369999885559082,8.369999885559082
08-12-2021,8.1899995803833,8.59000015258789,164400,8.859999656677246,8.59000015258789,8.59000015258789
09-12-2021,8.210000038146973,8.649999618530273,87100,8.989999771118164,8.350000381469727,8.350000381469727
10-12-2021,7.349999904632568,8.569999694824219,173000,8.609999656677246,7.380000114440918,7.380000114440918
13-12-2021,6.710000038146973,7.320000171661377,215000,7.550000190734863,6.849999904632568,6.849999904632568
14-12-2021,6.400000095367432,6.789999961853027,131700,6.980000019073486,6.400000095367432,6.400000095367432
15-12-2021,6.050000190734863,6.400000095367432,250200,6.849999904632568,6.739999771118164,6.739999771118164
16-12-2021,6.5,7.010000228881836,141300,7.170000076293945,6.800000190734863,6.800000190734863
17-12-2021,6.230000019073486,6.739999771118164,124500,6.920000076293945,6.869999885559082,6.869999885559082
20-12-2021,6.860000133514404,7.010000228881836,240800,7.429999828338623,7.429999828338623,7.429999828338623
21-12-2021,7.159999847412109,7.539999961853027,158400,7.849999904632568,7.389999866485596,7.389999866485596
22-12-2021,7.190000057220459,7.389999866485596,98500,7.829999923706055,7.690000057220459,7.690000057220459
23-12-2021,7.559999942779541,7.690000057220459,74800,8.010000228881836,8.010000228881836,8.010000228881836
27-12-2021,7.349999904632568,8.0,145000,8.069999694824219,7.369999885559082,7.369999885559082
28-12-2021,6.610000133514404,7.28000020980835,174900,7.28000020980835,6.889999866485596,6.889999866485596
29-12-2021,6.940000057220459,6.96999979019165,127500,7.320000171661377,7.119999885559082,7.119999885559082
30-12-2021,7.0,7.210000038146973,106100,7.480000019073486,7.110000133514404,7.110000133514404
31-12-2021,6.599999904632568,7.110000133514404,172300,7.300000190734863,6.630000114440918,6.630000114440918
03-01-2022,6.809999942779541,6.860000133514404,219400,7.789999961853027,7.489999771118164,7.489999771118164
04-01-2022,7.300000190734863,7.650000095367432,153100,7.739999771118164,7.409999847412109,7.409999847412109
05-01-2022,7.210000038146973,7.559999942779541,299200,8.319999694824219,7.329999923706055,7.329999923706055
06-01-2022,6.860000133514404,7.320000171661377,257100,7.940000057220459,7.340000152587891,7.340000152587891
07-01-2022,7.0,7.28000020980835,184400,7.5,7.260000228881836,7.260000228881836
10-01-2022,6.75,7.25,248900,7.289999961853027,7.170000076293945,7.170000076293945
11-01-2022,6.829999923706055,7.150000095367432,113500,7.420000076293945,7.050000190734863,7.050000190734863
12-01-2022,6.929999828338623,7.050000190734863,218300,7.570000171661377,7.389999866485596,7.389999866485596
13-01-2022,6.75,7.320000171661377,158000,7.360000133514404,6.869999885559082,6.869999885559082
14-01-2022,6.199999809265137,6.860000133514404,294500,6.940000057220459,6.440000057220459,6.440000057220459
18-01-2022,5.929999828338623,6.389999866485596,236600,6.579999923706055,6.010000228881836,6.010000228881836
19-01-2022,5.840000152587891,6.190000057220459,122000,6.340000152587891,6.0,6.0
20-01-2022,5.800000190734863,5.940000057220459,140900,6.25,5.820000171661377,5.820000171661377
21-01-2022,5.360000133514404,5.800000190734863,151500,5.829999923706055,5.670000076293945,5.670000076293945
24-01-2022,5.099999904632568,5.28000020980835,256700,6.150000095367432,6.130000114440918,6.130000114440918
25-01-2022,5.849999904632568,6.199999809265137,109500,6.309999942779541,6.070000171661377,6.070000171661377
26-01-2022,5.650000095367432,6.269999980926514,161100,6.400000095367432,5.730000019073486,5.730000019073486
27-01-2022,5.039999961853027,5.900000095367432,268400,6.289999961853027,5.170000076293945,5.170000076293945
28-01-2022,4.900000095367432,5.130000114440918,146600,5.449999809265137,5.329999923706055,5.329999923706055
31-01-2022,5.360000133514404,5.409999847412109,200100,6.110000133514404,6.110000133514404,6.110000133514404
01-02-2022,6.019999980926514,6.170000076293945,150900,6.579999923706055,6.349999904632568,6.349999904632568
02-02-2022,5.800000190734863,6.400000095367432,142600,6.5,5.929999828338623,5.929999828338623
03-02-2022,5.400000095367432,5.690000057220459,108300,5.800000190734863,5.519999980926514,5.519999980926514
04-02-2022,5.429999828338623,5.5,88900,5.789999961853027,5.679999828338623,5.679999828338623
07-02-2022,5.699999809265137,5.699999809265137,94800,6.21999979019165,6.039999961853027,6.039999961853027
08-02-2022,5.889999866485596,5.96999979019165,51800,6.170000076293945,6.119999885559082,6.119999885559082
09-02-2022,6.260000228881836,6.28000020980835,135700,6.75,6.75,6.75
10-02-2022,6.53000020980835,6.800000190734863,264000,7.480000019073486,6.650000095367432,6.650000095367432
11-02-2022,6.289999961853027,6.639999866485596,108400,6.989999771118164,6.599999904632568,6.599999904632568
14-02-2022,6.300000190734863,6.550000190734863,103000,6.650000095367432,6.46999979019165,6.46999979019165
15-02-2022,6.550000190734863,6.590000152587891,91300,7.079999923706055,6.980000019073486,6.980000019073486
16-02-2022,6.659999847412109,7.0,121700,7.25,7.010000228881836,7.010000228881836
17-02-2022,6.429999828338623,6.849999904632568,112300,7.159999847412109,6.559999942779541,6.559999942779541
18-02-2022,6.210000038146973,6.449999809265137,103000,6.639999866485596,6.329999923706055,6.329999923706055
22-02-2022,5.900000095367432,6.199999809265137,86900,6.5,6.019999980926514,6.019999980926514
23-02-2022,5.980000019073486,6.139999866485596,49100,6.309999942779541,6.059999942779541,6.059999942779541
24-02-2022,5.590000152587891,5.710000038146973,126400,6.960000038146973,6.75,6.75
25-02-2022,6.260000228881836,6.519999980926514,131100,6.949999809265137,6.690000057220459,6.690000057220459
28-02-2022,6.590000152587891,6.659999847412109,341700,8.3100004196167,8.25,8.25
01-03-2022,7.599999904632568,8.3100004196167,277600,8.579999923706055,8.270000457763672,8.270000457763672
02-03-2022,7.960000038146973,8.300000190734863,156100,8.899999618530273,8.630000114440918,8.630000114440918
03-03-2022,8.699999809265137,8.699999809265137,250100,9.649999618530273,9.25,9.25
04-03-2022,8.199999809265137,9.09000015258789,228500,9.239999771118164,8.770000457763672,8.770000457763672
07-03-2022,8.859999656677246,8.9399995803833,277600,9.680000305175781,8.979999542236328,8.979999542236328
08-03-2022,9.09000015258789,9.350000381469727,341600,10.5,9.609999656677246,9.609999656677246
09-03-2022,9.59000015258789,10.15999984741211,2751800,12.5600004196167,12.489999771118164,12.489999771118164
10-03-2022,10.5,10.630000114440918,874500,11.739999771118164,10.75,10.75
11-03-2022,9.720000267028809,10.930000305175781,501500,10.930000305175781,10.539999961853027,10.539999961853027
14-03-2022,8.899999618530273,10.40999984741211,319100,10.430000305175781,9.029999732971191,9.029999732971191
15-03-2022,8.079999923706055,8.520000457763672,270500,8.989999771118164,8.960000038146973,8.960000038146973
16-03-2022,8.270000457763672,9.069999694824219,216100,9.550000190734863,8.640000343322754,8.640000343322754
17-03-2022,8.579999923706055,8.579999923706055,397900,9.850000381469727,9.40999984741211,9.40999984741211
18-03-2022,9.109999656677246,9.479999542236328,136600,9.84000015258789,9.350000381469727,9.350000381469727
21-03-2022,9.149999618530273,9.329999923706055,321300,10.3100004196167,9.779999732971191,9.779999732971191
22-03-2022,9.180000305175781,9.75,187900,9.760000228881836,9.670000076293945,9.670000076293945
23-03-2022,9.390000343322754,9.600000381469727,314400,10.5,9.680000305175781,9.680000305175781
24-03-2022,9.25,9.850000381469727,168800,10.09000015258789,9.470000267028809,9.470000267028809
25-03-2022,8.960000038146973,9.729999542236328,119200,9.739999771118164,9.1899995803833,9.1899995803833
28-03-2022,8.449999809265137,9.1899995803833,210600,9.260000228881836,8.819999694824219,8.819999694824219
29-03-2022,8.430000305175781,8.779999732971191,168100,9.279999732971191,8.880000114440918,8.880000114440918
30-03-2022,8.710000038146973,8.9399995803833,167300,9.5,8.710000038146973,8.710000038146973
31-03-2022,8.319999694824219,8.739999771118164,121400,8.90999984741211,8.350000381469727,8.350000381469727
01-04-2022,8.300000190734863,8.300000190734863,138000,9.100000381469727,8.579999923706055,8.579999923706055
04-04-2022,8.619999885559082,8.710000038146973,55821,9.199999809265137,9.029999732971191,9.029999732971191
